1 0 2817
2 2817 2706
3 5523 1250
4 6773 1106
5 7879 861
6 8740 981
7 9721 996
8 10717 2360
9 13077 1744
10 14821 1154
11 15975 904
12 16879 1135
13 18014 1359
14 19373 1000
15 20373 1951
16 22324 2627
17 24951 1277
18 26228 2744
19 28972 2820
20 31792 3001
21 34793 1064
22 35857 3629
23 39486 4298
24 43784 3334
25 47118 5885
26 53003 3303
27 56306 924
28 57230 2331
29 59561 4631
30 64192 798
31 64990 5809
32 70799 1238
33 72037 6019
34 78056 878
35 78934 1622
36 80556 877
37 81433 3278
38 84711 6421
39 91132 830
40 91962 3424
41 95386 4041
42 99427 1251
43 100678 1085
44 101763 1806
45 103569 1539
46 105108 2501
47 107609 2500
48 110109 1752
49 111861 1383
50 113244 2914
51 116158 2441
52 118599 1572
53 120171 1865
54 122036 1085
55 123121 955
56 124076 3368
57 127444 1962
58 129406 1933
59 131339 2228
60 133567 1958
61 135525 3128
62 138653 1798
63 140451 3201
64 143652 521
65 144173 1109
66 145282 814
67 146096 2572
68 148668 1061
69 149729 2284
70 152013 1866
71 153879 1428
72 155307 728
73 156035 1681
74 157716 2542
75 160258 1570
76 161828 2290
77 164118 2393
78 166511 2253
79 168764 1071
80 169835 2524
81 172359 1430
82 173789 4190
83 177979 2113
84 180092 1794
85 181886 4217
86 186103 541
87 186644 834
88 187478 2568
89 190046 4243
90 194289 3562
91 197851 908
92 198759 3518
93 202277 1225
94 203502 2399
95 205901 2658
96 208559 669
97 209228 660
98 209888 683
99 210571 664
100 211235 704
101 211939 682
102 212621 693
103 213314 639
104 213953 634
105 214587 657
106 215244 642
107 215886 720
108 216606 688
109 217294 666
110 217960 634
111 218594 677
112 219271 630
113 219901 662
114 220563 647
115 221210 635
116 221845 655
117 222500 648
118 223148 658
119 223806 652
120 224458 670
121 225128 667
122 225795 663
123 226458 682
124 227140 664
125 227804 670
126 228474 702
127 229176 699
128 229875 676
129 230551 700
130 231251 677
131 231928 709
132 232637 665
133 233302 640
134 233942 673
135 234615 653
136 235268 663
137 235931 640
138 236571 667
139 237238 655
140 237893 653
141 238546 655
142 239201 649
143 239850 661
144 240511 703
145 241214 659
146 241873 689
147 242562 669
148 243231 634
149 243865 672
150 244537 665
151 245202 685
152 245887 667
153 246554 704
154 247258 639
155 247897 658
156 248555 690
157 249245 665
158 249910 672
159 250582 664
160 251246 667
161 251913 685
162 252598 704
163 253302 658
164 253960 688
165 254648 653
166 255301 716
167 256017 670
168 256687 645
169 257332 674
170 258006 657
171 258663 668
172 259331 656
173 259987 643
174 260630 656
175 261286 651
176 261937 652
177 262589 706
178 263295 679
179 263974 660
180 264634 657
181 265291 660
182 265951 665
183 266616 665
184 267281 663
185 267944 685
186 268629 666
187 269295 698
188 269993 665
189 270658 641
190 271299 667
191 271966 665
192 272631 684
193 273315 672
194 273987 663
195 274650 657
196 275307 656
197 275963 668
198 276631 643
199 277274 660
200 277934 655
201 278589 659
202 279248 647
203 279895 662
204 280557 656
205 281213 660
206 281873 658
207 282531 675
208 283206 629
209 283835 687
210 284522 665
211 285187 700
212 285887 686
213 286573 669
214 287242 664
215 287906 701
216 288607 715
217 289322 639
218 289961 648
219 290609 687
220 291296 668
221 291964 667
222 292631 675
223 293306 704
224 294010 666
225 294676 684
226 295360 696
227 296056 673
228 296729 711
229 297440 715
230 298155 663
231 298818 660
232 299478 649
233 300127 653
234 300780 657
235 301437 654
236 302091 686
237 302777 666
238 303443 643
239 304086 645
240 304731 645
241 305376 657
242 306033 656
243 306689 685
244 307374 675
245 308049 696
246 308745 699
247 309444 662
248 310106 687
249 310793 679
250 311472 691
251 312163 675
252 312838 674
253 313512 699
254 314211 688
255 314899 671
256 315570 699
257 316269 707
258 316976 665
259 317641 688
260 318329 652
261 318981 658
262 319639 653
263 320292 652
264 320944 694
265 321638 651
266 322289 665
267 322954 651
268 323605 634
269 324239 653
270 324892 657
271 325549 642
272 326191 655
273 326846 652
274 327498 670
275 328168 650
276 328818 659
277 329477 695
278 330172 700
279 330872 715
280 331587 689
281 332276 655
282 332931 665
283 333596 686
284 334282 649
285 334931 688
286 335619 645
287 336264 661
288 336925 673
289 337598 658
290 338256 671
291 338927 695
292 339622 655
293 340277 648
294 340925 688
295 341613 658
296 342271 673
297 342944 650
298 343594 695
299 344289 659
300 344948 676
301 345624 661
302 346285 671
303 346956 709
304 347665 704
305 348369 715
306 349084 657
307 349741 686
308 350427 655
309 351082 660
310 351742 649
311 352391 680
312 353071 639
313 353710 645
314 354355 668
315 355023 648
316 355671 666
317 356337 653
318 356990 680
319 357670 644
320 358314 694
321 359008 678
322 359686 657
323 360343 687
324 361030 653
325 361683 659
326 362342 681
327 363023 659
328 363682 660
329 364342 672
330 365014 691
331 365705 653
332 366358 645
333 367003 697
334 367700 664
335 368364 657
336 369021 682
337 369703 672
338 370375 650
339 371025 688
340 371713 659
341 372372 706
342 373078 698
343 373776 714
344 374490 717
345 375207 691
346 375898 687
347 376585 704
348 377289 689
349 377978 674
350 378652 639
351 379291 660
352 379951 682
353 380633 661
354 381294 669
355 381963 689
356 382652 674
357 383326 634
358 383960 663
359 384623 687
360 385310 669
361 385979 700
362 386679 736
363 387415 735
364 388150 671
365 388821 638
366 389459 647
367 390106 651
368 390757 658
369 391415 632
370 392047 678
371 392725 626
372 393351 636
373 393987 660
374 394647 639
375 395286 675
376 395961 699
377 396660 650
378 397310 211
379 397521 673
380 398194 680
381 398874 687
382 399561 664
383 400225 674
384 400899 678
385 401577 685
386 402262 652
387 402914 717
388 403631 683
389 404314 639
390 404953 664
391 405617 653
392 406270 651
393 406921 648
394 407569 626
395 408195 649
396 408844 643
397 409487 652
398 410139 647
399 410786 658
400 411444 660
401 412104 685
402 412789 640
403 413429 668
404 414097 654
405 414751 718
406 415469 695
407 416164 660
408 416824 662
409 417486 654
410 418140 677
411 418817 648
412 419465 662
413 420127 660
414 420787 688
415 421475 657
416 422132 680
417 422812 695
418 423507 673
419 424180 665
420 424845 675
421 425520 660
422 426180 688
423 426868 662
424 427530 670
425 428200 655
426 428855 647
427 429502 642
428 430144 651
429 430795 635
430 431430 651
431 432081 651
432 432732 647
433 433379 696
434 434075 679
435 434754 659
436 435413 695
437 436108 687
438 436795 661
439 437456 664
440 438120 665
441 438785 692
442 439477 678
443 440155 659
444 440814 684
445 441498 660
446 442158 723
447 442881 674
448 443555 686
449 444241 641
450 444882 646
451 445528 638
452 446166 692
453 446858 667
454 447525 667
455 448192 677
456 448869 665
457 449534 648
458 450182 654
459 450836 649
460 451485 641
461 452126 655
462 452781 644
463 453425 664
464 454089 629
465 454718 642
466 455360 657
467 456017 653
468 456670 679
469 457349 683
470 458032 652
471 458684 666
472 459350 645
473 459995 660
474 460655 642
475 461297 661
476 461958 692
477 462650 659
478 463309 674
479 463983 652
480 464635 632
481 465267 659
482 465926 688
483 466614 660
484 467274 660
485 467934 668
486 468602 640
487 469242 648
488 469890 667
489 470557 670
490 471227 643
491 471870 641
492 472511 692
493 473203 669
494 473872 642
495 474514 640
496 475154 632
497 475786 674
498 476460 711
499 477171 670
500 477841 638
501 478479 645
502 479124 640
503 479764 650
504 480414 628
505 481042 635
506 481677 634
507 482311 661
508 482972 643
509 483615 659
510 484274 626
511 484900 669
512 485569 655
513 486224 2145
514 488369 1007
515 489376 5444
516 494820 1976
517 496796 1506
518 498302 1861
519 500163 1175
520 501338 1182
521 502520 6963
522 509483 3761
523 513244 1027
524 514271 2477
525 516748 2236
526 518984 3227
527 522211 2592
528 524803 29941
529 554744 1101
530 555845 1751
531 557596 5114
532 562710 1255
533 563965 1655
534 565620 1736
535 567356 2415
536 569771 1683
537 571454 1587
538 573041 2644
539 575685 3227
540 578912 4669
541 583581 1789
542 585370 960
543 586330 1499
544 587829 2059
545 589888 1533
546 591421 1805
547 593226 1293
548 594519 1912
549 596431 1628
550 598059 865
551 598924 2723
552 601647 1880
553 603527 6160
554 609687 2734
555 612421 1409
556 613830 1211
557 615041 2693
558 617734 1462
559 619196 2322
560 621518 1473
561 622991 1345
562 624336 2197
563 626533 1526
564 628059 1721
565 629780 5225
566 635005 2593
567 637598 5615
568 643213 1681
569 644894 1303
570 646197 2976
571 649173 1608
572 650781 2796
573 653577 867
574 654444 1614
575 656058 4002
576 660060 3243
577 663303 2992
578 666295 3364
579 669659 1414
580 671073 1377
581 672450 891
582 673341 2172
583 675513 1097
584 676610 3331
585 679941 3208
586 683149 3785
587 686934 1761
588 688695 4879
589 693574 1792
590 695366 976
591 696342 1277
592 697619 992
593 698611 1169
594 699780 5093
595 704873 1862
596 706735 1136
597 707871 1299
598 709170 1245
599 710415 4190
600 714605 1513
601 716118 2696
602 718814 2148
603 720962 1106
604 722068 1841
605 723909 5006
606 728915 2345
607 731260 424
608 731684 434
609 732118 450
610 732568 494
611 733062 464
612 733526 472
613 733998 496
614 734494 532
615 735026 480
616 735506 510
617 736016 486
618 736502 478
619 736980 494
620 737474 462
621 737936 530
622 738466 1306
623 739772 5528
624 745300 1251
625 746551 1967
626 748518 2675
627 751193 2431
628 753624 1227
629 754851 6831
630 761682 3180
631 764862 2607
632 767469 5255
633 772724 1928
634 774652 2583
635 777235 4788
636 782023 4741
637 786764 4500
638 791264 3101
639 794365 7708
640 802073 5826
641 807899 3542
642 811441 3357
643 814798 2379
644 817177 3508
645 820685 2188
646 822873 2053
647 824926 9202
648 834128 5423
649 839551 7539
650 847090 5455
651 852545 4873
652 857418 8281
653 865699 11966
654 877665 6346
655 884011 1447
656 885458 1872
657 887330 990
658 888320 5314
659 893634 2967
660 896601 685
661 897286 4205
662 901491 830
663 902321 3163
664 905484 748
665 906232 935
666 907167 4243
667 911410 3685
668 915095 1290
669 916385 1822
670 918207 1163
671 919370 1651
672 921021 893
673 921914 2513
674 924427 4399
675 928826 4697
676 933523 1019
677 934542 2257
678 936799 971
679 937770 1987
680 939757 1208
681 940965 1498
682 942463 569
683 943032 3980
684 947012 1463
685 948475 4826
686 953301 2497
687 955798 2081
688 957879 2503
689 960382 2254
690 962636 3499
691 966135 1687
692 967822 2621
693 970443 2040
694 972483 1910
695 974393 4305
696 978698 14611
697 993309 2137
698 995446 6600
699 1002046 13743
700 1015789 9074
701 1024863 3718
702 1028581 4619
703 1033200 3652
704 1036852 5684
705 1042536 1703
706 1044239 3999
707 1048238 1904
708 1050142 9776
709 1059918 6499
710 1066417 2465
711 1068882 4541
712 1073423 7563
713 1080986 2098
714 1083084 3717
715 1086801 4325
716 1091126 1098
717 1092224 2226
718 1094450 3143
719 1097593 5176
720 1102769 5567
721 1108336 4701
722 1113037 5538
723 1118575 1880
724 1120455 3884
725 1124339 6082
726 1130421 2465
727 1132886 4437
728 1137323 974
729 1138297 791
730 1139088 4175
731 1143263 2672
732 1145935 2961
733 1148896 1255
734 1150151 1948
735 1152099 2321
736 1154420 2739
737 1157159 2307
738 1159466 1294
739 1160760 4702
740 1165462 4583
741 1170045 3580
742 1173625 3133
743 1176758 4107
744 1180865 4506
745 1185371 2776
746 1188147 3824
747 1191971 2311
748 1194282 1742
749 1196024 2300
750 1198324 20501
751 1218825 3313
752 1222138 4085
753 1226223 1920
754 1228143 8735
755 1236878 2679
756 1239557 5318
757 1244875 5350
758 1250225 3690
759 1253915 4171
760 1258086 5933
761 1264019 3030
762 1267049 5463
763 1272512 1739
764 1274251 2622
765 1276873 5033
766 1281906 4790
767 1286696 3313
768 1290009 5421
769 1295430 5492
770 1300922 4279
771 1305201 2539
772 1307740 4413
773 1312153 7401
774 1319554 4732
775 1324286 903
776 1325189 794
777 1325983 2235
778 1328218 1780
779 1329998 938
780 1330936 1840
781 1332776 12138
782 1344914 4436
783 1349350 6889
784 1356239 9982
785 1366221 1117
786 1367338 9946
787 1377284 3381
788 1380665 1403
789 1382068 3517
790 1385585 5367
791 1390952 4667
792 1395619 5542
793 1401161 2580
794 1403741 3941
795 1407682 3529
796 1411211 5170
797 1416381 5257
798 1421638 1315
799 1422953 9374
800 1432327 3289
801 1435616 595
802 1436211 1548
803 1437759 3320
804 1441079 1882
805 1442961 3277
806 1446238 5113
807 1451351 2132
808 1453483 5832
809 1459315 2302
810 1461617 4217
811 1465834 4918
812 1470752 6365
813 1477117 3593
814 1480710 6870
815 1487580 10192
816 1497772 2188
817 1499960 3685
818 1503645 2346
819 1505991 3718
820 1509709 2957
821 1512666 3784
822 1516450 1632
823 1518082 10149
824 1528231 2154
825 1530385 4997
826 1535382 2430
827 1537812 1524
828 1539336 7968
829 1547304 6805
830 1554109 4463
831 1558572 9628
832 1568200 6423
833 1574623 5748
834 1580371 2888
835 1583259 5693
836 1588952 10461
837 1599413 4326
838 1603739 6176
839 1609915 4650
840 1614565 2287
841 1616852 3442
842 1620294 8917
843 1629211 1818
844 1631029 5753
845 1636782 4060
846 1640842 4065
847 1644907 379
848 1645286 1868
849 1647154 7415
850 1654569 4461
851 1659030 2441
852 1661471 1755
853 1663226 3099
854 1666325 3538
855 1669863 2804
856 1672667 5251
857 1677918 1188
858 1679106 1174
859 1680280 3126
860 1683406 7633
861 1691039 7666
862 1698705 1201
863 1699906 6048
864 1705954 1704
865 1707658 2341
866 1709999 4850
867 1714849 1735
868 1716584 3369
869 1719953 1939
870 1721892 1183
871 1723075 2653
872 1725728 682
873 1726410 2812
874 1729222 5222
875 1734444 1668
876 1736112 2846
877 1738958 4174
878 1743132 1263
879 1744395 1123
880 1745518 1630
881 1747148 1194
882 1748342 1674
883 1750016 836
884 1750852 877
885 1751729 3839
886 1755568 842
887 1756410 3126
888 1759536 7857
889 1767393 2559
890 1769952 1518
891 1771470 3173
892 1774643 1170
893 1775813 2711
894 1778524 2363
895 1780887 1358
896 1782245 1041
897 1783286 3084
898 1786370 1476
899 1787846 8365
900 1796211 1475
901 1797686 2068
902 1799754 968
903 1800722 1678
904 1802400 1637
905 1804037 926
906 1804963 9658
907 1814621 3971
908 1818592 5002
909 1823594 6547
910 1830141 4724
911 1834865 4242
912 1839107 3610
913 1842717 3057
914 1845774 4108
915 1849882 8652
916 1858534 7539
917 1866073 38575
918 1904648 5447
919 1910095 17879
920 1927974 2776
921 1930750 10548
922 1941298 3790
923 1945088 4735
924 1949823 5415
925 1955238 4833
926 1960071 5253
927 1965324 6733
928 1972057 6492
929 1978549 4686
930 1983235 4157
931 1987392 8960
932 1996352 8412
933 2004764 5490
934 2010254 7451
935 2017705 7912
936 2025617 5655
937 2031272 5365
938 2036637 4472
939 2041109 4967
940 2046076 4325
941 2050401 4377
942 2054778 5353
943 2060131 1264
944 2061395 4016
945 2065411 19879
946 2085290 3716
947 2089006 6340
948 2095346 4685
949 2100031 2821
950 2102852 3488
951 2106340 3921
952 2110261 3475
953 2113736 4284
954 2118020 11923
955 2129943 4251
956 2134194 8226
957 2142420 7870
958 2150290 8010
959 2158300 7317
960 2165617 1636
961 2167253 5259
962 2172512 16456
963 2188968 4615
964 2193583 9456
965 2203039 5316
966 2208355 4204
967 2212559 4793
968 2217352 4038
969 2221390 10516
970 2231906 5562
971 2237468 4120
972 2241588 3753
973 2245341 3928
974 2249269 3320
975 2252589 3425
976 2256014 18438
977 2274452 4815
978 2279267 5371
979 2284638 3406
980 2288044 11482
981 2299526 7884
982 2307410 19546
983 2326956 5462
984 2332418 1237
985 2333655 2134
986 2335789 2878
987 2338667 3673
988 2342340 19361
989 2361701 19784
990 2381485 4359
991 2385844 4305
992 2390149 3529
993 2393678 12572
994 2406250 6792
995 2413042 25794
996 2438836 11235
997 2450071 7102
998 2457173 1558
999 2458731 5955
1000 2464686 6360
1001 2471046 23599
1002 2494645 1575
1003 2496220 2818
1004 2499038 5675
1005 2504713 2559
1006 2507272 8589
1007 2515861 7412
1008 2523273 2426
1009 2525699 1470
1010 2527169 1650
1011 2528819 2683
1012 2531502 2591
1013 2534093 2262
1014 2536355 3073
1015 2539428 2079
1016 2541507 2997
1017 2544504 6965
1018 2551469 6371
1019 2557840 6903
1020 2564743 6782
1021 2571525 3954
1022 2575479 8135
1023 2583614 7796
1024 2591410 3126
1025 2594536 1809
1026 2596345 2993
1027 2599338 1625
1028 2600963 3035
1029 2603998 3446
1030 2607444 1870
1031 2609314 1537
1032 2610851 4781
1033 2615632 1754
1034 2617386 1528
1035 2618914 2474
1036 2621388 3625
1037 2625013 2073
1038 2627086 1468
1039 2628554 2821
1040 2631375 7827
1041 2639202 3342
1042 2642544 3635
1043 2646179 8884
1044 2655063 3743
1045 2658806 2834
1046 2661640 2211
1047 2663851 3577
1048 2667428 3504
1049 2670932 2080
1050 2673012 1609
1051 2674621 1803
1052 2676424 6369
1053 2682793 3208
1054 2686001 2244
1055 2688245 1869
1056 2690114 3431
1057 2693545 5513
1058 2699058 2014
1059 2701072 4159
1060 2705231 2723
1061 2707954 3766
1062 2711720 1755
1063 2713475 1546
1064 2715021 1555
1065 2716576 1627
1066 2718203 3657
1067 2721860 2742
1068 2724602 3969
1069 2728571 2388
1070 2730959 2596
1071 2733555 2379
1072 2735934 2541
1073 2738475 23260
1074 2761735 3221
1075 2764956 3623
1076 2768579 6325
1077 2774904 3094
1078 2777998 3302
1079 2781300 3415
1080 2784715 5242
1081 2789957 1617
1082 2791574 2594
1083 2794168 3424
1084 2797592 2455
1085 2800047 1083
1086 2801130 2366
1087 2803496 5086
1088 2808582 4230
1089 2812812 3021
1090 2815833 3780
1091 2819613 2642
1092 2822255 5423
1093 2827678 2530
1094 2830208 3792
1095 2834000 1102
1096 2835102 5317
1097 2840419 1445
1098 2841864 1217
1099 2843081 2047
1100 2845128 7446
1101 2852574 3332
1102 2855906 2540
1103 2858446 2006
1104 2860452 3126
1105 2863578 6329
1106 2869907 993
1107 2870900 6650
1108 2877550 947
1109 2878497 1157
1110 2879654 798
1111 2880452 6322
1112 2886774 2854
1113 2889628 5088
1114 2894716 9079
1115 2903795 7364
1116 2911159 1841
1117 2913000 5500
1118 2918500 3610
1119 2922110 1519
1120 2923629 651
1121 2924280 3294
1122 2927574 9180
1123 2936754 2889
1124 2939643 2227
1125 2941870 5724
1126 2947594 1310
1127 2948904 4422
1128 2953326 702
1129 2954028 2563
1130 2956591 1548
1131 2958139 1145
1132 2959284 2527
1133 2961811 4371
1134 2966182 2830
1135 2969012 5441
1136 2974453 5875
1137 2980328 4474
1138 2984802 2771
1139 2987573 2077
1140 2989650 1079
1141 2990729 817
1142 2991546 2648
1143 2994194 5792
1144 2999986 957
1145 3000943 1817
1146 3002760 1744
1147 3004504 7482
1148 3011986 1216
1149 3013202 2236
1150 3015438 2441
1151 3017879 1403
1152 3019282 592
1153 3019874 5013
1154 3024887 6131
1155 3031018 11633
1156 3042651 1227
1157 3043878 2352
1158 3046230 1039
1159 3047269 1274
1160 3048543 2192
1161 3050735 2830
1162 3053565 5196
1163 3058761 2450
1164 3061211 3032
1165 3064243 20089
1166 3084332 2858
1167 3087190 1622
1168 3088812 2256
1169 3091068 1773
1170 3092841 1470
1171 3094311 7360
1172 3101671 4612
1173 3106283 12600
1174 3118883 2422
1175 3121305 1832
1176 3123137 1455
1177 3124592 3118
1178 3127710 1388
1179 3129098 3890
1180 3132988 1113
1181 3134101 1140
1182 3135241 1346
1183 3136587 2395
1184 3138982 1969
1185 3140951 2370
1186 3143321 3475
1187 3146796 980
1188 3147776 7329
1189 3155105 5219
1190 3160324 6579
1191 3166903 4443
1192 3171346 3708
1193 3175054 2759
1194 3177813 30932
1195 3208745 3971
1196 3212716 5296
1197 3218012 2854
1198 3220866 1974
1199 3222840 4752
1200 3227592 1235
1201 3228827 2571
1202 3231398 8083
1203 3239481 11547
1204 3251028 2045
1205 3253073 3605
1206 3256678 5167
1207 3261845 5332
1208 3267177 5160
1209 3272337 6338
1210 3278675 1031
1211 3279706 7196
1212 3286902 2941
1213 3289843 9533
1214 3299376 4217
1215 3303593 6422
1216 3310015 2883
1217 3312898 1592
1218 3314490 2919
1219 3317409 3399
1220 3320808 1770
1221 3322578 5552
1222 3328130 9070
1223 3337200 2291
1224 3339491 8418
1225 3347909 6796
1226 3354705 6458
1227 3361163 3687
1228 3364850 3380
1229 3368230 2886
1230 3371116 3412
1231 3374528 468
1232 3374996 2166
1233 3377162 2908
1234 3380070 2694
1235 3382764 6559
1236 3389323 9420
1237 3398743 8437
1238 3407180 9691
1239 3416871 10273
1240 3427144 7955
1241 3435099 5471
1242 3440570 6241
1243 3446811 3548
1244 3450359 3987
1245 3454346 1555
1246 3455901 1660
1247 3457561 3149
1248 3460710 3511
1249 3464221 5934
1250 3470155 4591
1251 3474746 3481
1252 3478227 11601
1253 3489828 5149
1254 3494977 4803
1255 3499780 956
1256 3500736 4164
1257 3504900 3655
1258 3508555 3440
1259 3511995 4555
1260 3516550 7983
1261 3524533 2243
1262 3526776 5535
1263 3532311 4375
1264 3536686 6529
1265 3543215 4787
1266 3548002 2165
1267 3550167 2141
1268 3552308 1491
1269 3553799 3311
1270 3557110 4593
1271 3561703 4132
1272 3565835 6233
1273 3572068 8575
1274 3580643 1851
1275 3582494 5778
1276 3588272 7272
1277 3595544 1283
1278 3596827 3418
1279 3600245 4105
1280 3604350 1624
1281 3605974 7292
1282 3613266 2752
1283 3616018 10137
1284 3626155 4290
1285 3630445 5802
1286 3636247 812
1287 3637059 3754
1288 3640813 1973
1289 3642786 1040
1290 3643826 1096
1291 3644922 2171
1292 3647093 1942
1293 3649035 6217
1294 3655252 641
1295 3655893 3091
1296 3658984 1268
1297 3660252 2311
1298 3662563 1123
1299 3663686 3490
1300 3667176 4122
1301 3671298 4338
1302 3675636 6298
1303 3681934 3765
1304 3685699 722
1305 3686421 4287
1306 3690708 4091
1307 3694799 547
1308 3695346 1009
1309 3696355 1594
1310 3697949 3665
1311 3701614 3599
1312 3705213 4814
1313 3710027 2708
1314 3712735 2089
1315 3714824 3141
1316 3717965 812
1317 3718777 3158
1318 3721935 2395
1319 3724330 2684
1320 3727014 3416
1321 3730430 2560
1322 3732990 4081
1323 3737071 2052
1324 3739123 1872
1325 3740995 4446
1326 3745441 1433
1327 3746874 4435
1328 3751309 3892
1329 3755201 5691
1330 3760892 6675
1331 3767567 4541
1332 3772108 1811
1333 3773919 6454
1334 3780373 2549
1335 3782922 3458
1336 3786380 2723
1337 3789103 10510
1338 3799613 774
1339 3800387 9126
1340 3809513 2215
1341 3811728 2531
1342 3814259 2401
1343 3816660 1357
1344 3818017 2956
1345 3820973 10182
1346 3831155 1287
1347 3832442 3979
1348 3836421 1135
1349 3837556 467
1350 3838023 10806
1351 3848829 1846
1352 3850675 3374
1353 3854049 3353
1354 3857402 9703
1355 3867105 2195
1356 3869300 1122
1357 3870422 791
1358 3871213 1065
1359 3872278 1843
1360 3874121 8532
1361 3882653 3466
1362 3886119 6356
1363 3892475 4825
1364 3897300 5621
1365 3902921 1717
1366 3904638 5371
1367 3910009 1702
1368 3911711 1721
1369 3913432 6813
1370 3920245 2795
1371 3923040 1507
1372 3924547 2077
1373 3926624 2591
1374 3929215 2588
1375 3931803 3791
1376 3935594 617
1377 3936211 651
1378 3936862 624
1379 3937486 669
1380 3938155 651
1381 3938806 627
1382 3939433 597
1383 3940030 620
1384 3940650 654
1385 3941304 664
1386 3941968 634
1387 3942602 629
1388 3943231 632
1389 3943863 632
1390 3944495 632
1391 3945127 629
1392 3945756 623
1393 3946379 634
1394 3947013 638
1395 3947651 650
1396 3948301 633
1397 3948934 620
1398 3949554 626
1399 3950180 679
1400 3950859 622
1401 3951481 365
1402 3951846 667
1403 3952513 652
1404 3953165 568
1405 3953733 632
1406 3954365 630
1407 3954995 672
1408 3955667 629
1409 3956296 625
1410 3956921 550
1411 3957471 620
1412 3958091 635
1413 3958726 620
1414 3959346 621
1415 3959967 620
1416 3960587 654
1417 3961241 663
1418 3961904 630
1419 3962534 620
1420 3963154 289
1421 3963443 306
1422 3963749 633
1423 3964382 283
1424 3964665 305
1425 3964970 661
1426 3965631 655
1427 3966286 629
1428 3966915 635
1429 3967550 630
1430 3968180 634
1431 3968814 654
1432 3969468 653
1433 3970121 632
1434 3970753 654
1435 3971407 650
1436 3972057 628
1437 3972685 625
1438 3973310 630
1439 3973940 627
1440 3974567 616
1441 3975183 620
1442 3975803 623
1443 3976426 631
1444 3977057 639
1445 3977696 631
1446 3978327 654
1447 3978981 596
1448 3979577 652
1449 3980229 637
1450 3980866 619
1451 3981485 633
1452 3982118 654
1453 3982772 631
1454 3983403 633
1455 3984036 630
1456 3984666 630
1457 3985296 661
1458 3985957 639
1459 3986596 654
1460 3987250 662
1461 3987912 620
1462 3988532 613
1463 3989145 624
1464 3989769 631
1465 3990400 639
1466 3991039 632
1467 3991671 635
1468 3992306 596
1469 3992902 623
1470 3993525 620
1471 3994145 654
1472 3994799 627
1473 3995426 637
1474 3996063 614
1475 3996677 624
1476 3997301 632
1477 3997933 641
1478 3998574 633
1479 3999207 630
1480 3999837 598
1481 4000435 652
1482 4001087 636
1483 4001723 618
1484 4002341 654
1485 4002995 628
1486 4003623 637
1487 4004260 702
1488 4004962 639
1489 4005601 653
1490 4006254 615
1491 4006869 595
1492 4007464 617
1493 4008081 625
1494 4008706 632
1495 4009338 639
1496 4009977 632
1497 4010609 628
1498 4011237 635
1499 4011872 620
1500 4012492 653
1501 4013145 653
1502 4013798 625
1503 4014423 625
1504 4015048 653
1505 4015701 615
1506 4016316 628
1507 4016944 632
1508 4017576 641
1509 4018217 629
1510 4018846 595
1511 4019441 653
1512 4020094 635
1513 4020729 616
1514 4021345 624
1515 4021969 633
1516 4022602 623
1517 4023225 626
1518 4023851 632
1519 4024483 643
1520 4025126 633
1521 4025759 630
1522 4026389 687
1523 4027076 620
1524 4027696 676
1525 4028372 668
1526 4029040 625
1527 4029665 635
1528 4030300 628
1529 4030928 617
1530 4031545 626
1531 4032171 627
1532 4032798 642
1533 4033440 632
1534 4034072 661
1535 4034733 621
1536 4035354 642
1537 4035996 635
1538 4036631 619
1539 4037250 656
1540 4037906 613
1541 4038519 625
1542 4039144 632
1543 4039776 636
1544 4040412 618
1545 4041030 621
1546 4041651 611
1547 4042262 635
1548 4042897 633
1549 4043530 627
1550 4044157 632
1551 4044789 642
1552 4045431 632
1553 4046063 661
1554 4046724 618
1555 4047342 684
1556 4048026 608
1557 4048634 633
1558 4049267 671
1559 4049938 627
1560 4050565 622
1561 4051187 628
1562 4051815 632
1563 4052447 614
1564 4053061 626
1565 4053687 632
1566 4054319 686
1567 4055005 617
1568 4055622 630
1569 4056252 638
1570 4056890 650
1571 4057540 613
1572 4058153 627
1573 4058780 627
1574 4059407 639
1575 4060046 636
1576 4060682 648
1577 4061330 644
1578 4061974 634
1579 4062608 616
1580 4063224 638
1581 4063862 655
1582 4064517 654
1583 4065171 597
1584 4065768 656
1585 4066424 616
1586 4067040 634
1587 4067674 619
1588 4068293 621
1589 4068914 632
1590 4069546 691
1591 4070237 636
1592 4070873 2686
1593 4073559 1401
1594 4074960 7171
1595 4082131 1563
1596 4083694 1049
1597 4084743 1049
1598 4085792 1041
1599 4086833 1129
1600 4087962 8089
1601 4096051 5555
1602 4101606 1329
1603 4102935 2013
1604 4104948 4764
1605 4109712 6794
1606 4116506 8195
1607 4124701 3715
1608 4128416 1253
1609 4129669 8865
1610 4138534 6025
1611 4144559 2069
1612 4146628 4464
1613 4151092 1951
1614 4153043 2409
1615 4155452 1277
1616 4156729 2164
1617 4158893 3021
1618 4161914 947
1619 4162861 3777
1620 4166638 2603
1621 4169241 1521
1622 4170762 3416
1623 4174178 1663
1624 4175841 6381
1625 4182222 2475
1626 4184697 2162
1627 4186859 5081
1628 4191940 8577
1629 4200517 5199
1630 4205716 1097
1631 4206813 1472
1632 4208285 2475
1633 4210760 2371
1634 4213131 1829
1635 4214960 3512
1636 4218472 2429
1637 4220901 3936
1638 4224837 3764
1639 4228601 446
1640 4229047 13396
1641 4242443 9613
1642 4252056 2471
1643 4254527 2093
1644 4256620 2441
1645 4259061 2665
1646 4261726 6392
1647 4268118 8007
1648 4276125 5239
1649 4281364 5957
1650 4287321 4569
1651 4291890 2505
1652 4294395 2493
1653 4296888 7424
1654 4304312 8521
1655 4312833 5415
1656 4318248 653
1657 4318901 2804
1658 4321705 3255
1659 4324960 1787
1660 4326747 1930
1661 4328677 533
1662 4329210 487
1663 4329697 610
1664 4330307 2582
1665 4332889 2524
1666 4335413 1927
1667 4337340 5779
1668 4343119 2042
1669 4345161 3830
1670 4348991 8143
1671 4357134 4197
1672 4361331 2393
1673 4363724 1583
1674 4365307 3018
1675 4368325 1785
1676 4370110 8316
1677 4378426 1705
1678 4380131 2702
1679 4382833 734
1680 4383567 5959
1681 4389526 3335
1682 4392861 8952
1683 4401813 4024
1684 4405837 2050
1685 4407887 3431
1686 4411318 7597
1687 4418915 2641
1688 4421556 2738
1689 4424294 9669
1690 4433963 19346
1691 4453309 3117
1692 4456426 5377
1693 4461803 2262
1694 4464065 4268
1695 4468333 6597
1696 4474930 971
1697 4475901 8289
1698 4484190 5356
1699 4489546 6687
1700 4496233 931
1701 4497164 3796
1702 4500960 2960
1703 4503920 3595
1704 4507515 2551
1705 4510066 3711
1706 4513777 4697
1707 4518474 9641
1708 4528115 11540
1709 4539655 2164
1710 4541819 4807
1711 4546626 3029
1712 4549655 1659
1713 4551314 5797
1714 4557111 2042
1715 4559153 1934
1716 4561087 8806
1717 4569893 2769
1718 4572662 4504
1719 4577166 3159
1720 4580325 1955
1721 4582280 10660
1722 4592940 5317
1723 4598257 1331
1724 4599588 1867
1725 4601455 3616
1726 4605071 3715
1727 4608786 2544
1728 4611330 7699
1729 4619029 7016
1730 4626045 6499
1731 4632544 8813
1732 4641357 3164
1733 4644521 2824
1734 4647345 1857
1735 4649202 7074
1736 4656276 3425
1737 4659701 2664
1738 4662365 1176
1739 4663541 11650
1740 4675191 10854
1741 4686045 9915
1742 4695960 6950
1743 4702910 8950
1744 4711860 2306
1745 4714166 533
1746 4714699 2788
1747 4717487 636
1748 4718123 4313
1749 4722436 2335
1750 4724771 9206
1751 4733977 6534
1752 4740511 7427
1753 4747938 2746
1754 4750684 7697
1755 4758381 4488
1756 4762869 2953
1757 4765822 6323
1758 4772145 9267
1759 4781412 2881
1760 4784293 4399
1761 4788692 3911
1762 4792603 1729
1763 4794332 6531
1764 4800863 5488
1765 4806351 5247
1766 4811598 8043
1767 4819641 1851
1768 4821492 2833
1769 4824325 7407
1770 4831732 1300
1771 4833032 1078
1772 4834110 9080
1773 4843190 11269
1774 4854459 9254
1775 4863713 16009
1776 4879722 8756
1777 4888478 8448
1778 4896926 7383
1779 4904309 11294
1780 4915603 19507
1781 4935110 13557
1782 4948667 5485
1783 4954152 493
1784 4954645 833
1785 4955478 3197
1786 4958675 7343
1787 4966018 540
1788 4966558 1538
1789 4968096 3460
1790 4971556 2104
1791 4973660 9170
1792 4982830 8024
1793 4990854 4692
1794 4995546 2690
1795 4998236 4084
1796 5002320 5081
1797 5007401 7153
1798 5014554 2835
1799 5017389 680
1800 5018069 1053
1801 5019122 1641
1802 5020763 6679
1803 5027442 1349
1804 5028791 11452
1805 5040243 6349
1806 5046592 4440
1807 5051032 25807
1808 5076839 3751
1809 5080590 5144
1810 5085734 8407
1811 5094141 9774
1812 5103915 4634
1813 5108549 6374
1814 5114923 9600
1815 5124523 12848
1816 5137371 4693
1817 5142064 10961
1818 5153025 6275
1819 5159300 5112
1820 5164412 1758
1821 5166170 3817
1822 5169987 4768
1823 5174755 3711
1824 5178466 10719
1825 5189185 9917
1826 5199102 6851
1827 5205953 6112
1828 5212065 6590
1829 5218655 5808
1830 5224463 4101
1831 5228564 3910
1832 5232474 3506
1833 5235980 3845
1834 5239825 3335
1835 5243160 12279
1836 5255439 12846
1837 5268285 4232
1838 5272517 2864
1839 5275381 5575
1840 5280956 15921
1841 5296877 4296
1842 5301173 720
1843 5301893 1205
1844 5303098 4413
1845 5307511 4387
1846 5311898 2092
1847 5313990 13041
1848 5327031 8837
1849 5335868 7750
1850 5343618 10701
1851 5354319 7008
1852 5361327 8951
1853 5370278 2345
1854 5372623 8167
1855 5380790 8299
1856 5389089 3900
1857 5392989 5760
1858 5398749 2550
1859 5401299 13747
1860 5415046 532
1861 5415578 1536
1862 5417114 3091
1863 5420205 9664
1864 5429869 2031
1865 5431900 2657
1866 5434557 3199
1867 5437756 3474
1868 5441230 8390
1869 5449620 2149
1870 5451769 1738
1871 5453507 1490
1872 5454997 1067
1873 5456064 1380
1874 5457444 5372
1875 5462816 5004
1876 5467820 2163
1877 5469983 1750
1878 5471733 4028
1879 5475761 2331
1880 5478092 2268
1881 5480360 7682
1882 5488042 1327
1883 5489369 1486
1884 5490855 4291
1885 5495146 1275
1886 5496421 1243
1887 5497664 1420
1888 5499084 1697
1889 5500781 5195
1890 5505976 2534
1891 5508510 1384
1892 5509894 10942
1893 5520836 3840
1894 5524676 9587
1895 5534263 3796
1896 5538059 1577
1897 5539636 2124
1898 5541760 7043
1899 5548803 1875
1900 5550678 7373
1901 5558051 3397
1902 5561448 1930
1903 5563378 12898
1904 5576276 5262
1905 5581538 4687
1906 5586225 1386
1907 5587611 2484
1908 5590095 2331
1909 5592426 2163
1910 5594589 3616
1911 5598205 1390
1912 5599595 11055
1913 5610650 1179
1914 5611829 681
1915 5612510 4769
1916 5617279 2050
1917 5619329 1304
1918 5620633 911
1919 5621544 3125
1920 5624669 1904
1921 5626573 2887
1922 5629460 980
1923 5630440 1330
1924 5631770 1365
1925 5633135 537
1926 5633672 4967
1927 5638639 3254
1928 5641893 2220
1929 5644113 869
1930 5644982 795
1931 5645777 1254
1932 5647031 5694
1933 5652725 1600
1934 5654325 777
1935 5655102 1694
1936 5656796 563
1937 5657359 1851
1938 5659210 2481
1939 5661691 2332
1940 5664023 2697
1941 5666720 1659
1942 5668379 631
1943 5669010 2170
1944 5671180 2206
1945 5673386 2210
1946 5675596 2333
1947 5677929 2145
1948 5680074 491
1949 5680565 2438
1950 5683003 1243
1951 5684246 3111
1952 5687357 1569
1953 5688926 610
1954 5689536 1054
1955 5690590 1978
1956 5692568 3143
1957 5695711 2460
1958 5698171 7796
1959 5705967 2673
1960 5708640 2024
1961 5710664 6227
1962 5716891 4255
1963 5721146 4375
1964 5725521 3844
1965 5729365 6897
1966 5736262 3614
1967 5739876 3294
1968 5743170 4634
1969 5747804 5276
1970 5753080 4453
1971 5757533 3429
1972 5760962 4131
1973 5765093 1149
1974 5766242 7957
1975 5774199 4581
1976 5778780 4399
1977 5783179 4096
1978 5787275 5574
1979 5792849 7808
1980 5800657 2356
1981 5803013 2137
1982 5805150 2960
1983 5808110 2954
1984 5811064 4624
1985 5815688 5439
1986 5821127 3178
1987 5824305 4098
1988 5828403 5470
1989 5833873 4692
1990 5838565 5128
1991 5843693 2500
1992 5846193 2738
1993 5848931 2978
1994 5851909 8272
1995 5860181 1238
1996 5861419 780
1997 5862199 4158
1998 5866357 3354
1999 5869711 1554
2000 5871265 9959
2001 5881224 3078
2002 5884302 8765
2003 5893067 3973
2004 5897040 5255
2005 5902295 4942
2006 5907237 8594
2007 5915831 4807
2008 5920638 3930
2009 5924568 531
2010 5925099 4696
2011 5929795 4404
2012 5934199 3824
2013 5938023 5835
2014 5943858 7227
2015 5951085 6479
2016 5957564 2583
2017 5960147 3370
2018 5963517 977
2019 5964494 22921
2020 5987415 18591
2021 6006006 2593
2022 6008599 8487
2023 6017086 1656
2024 6018742 2404
2025 6021146 7146
2026 6028292 3349
2027 6031641 11024
2028 6042665 2885
2029 6045550 3521
2030 6049071 3232
2031 6052303 4846
2032 6057149 7275
2033 6064424 6913
2034 6071337 6202
2035 6077539 1084
2036 6078623 2795
2037 6081418 3456
2038 6084874 1056
2039 6085930 2447
2040 6088377 1563
2041 6089940 6354
2042 6096294 2107
2043 6098401 12963
2044 6111364 6480
2045 6117844 2888
2046 6120732 5042
2047 6125774 1973
2048 6127747 9055
2049 6136802 6574
2050 6143376 2490
2051 6145866 6456
2052 6152322 6719
2053 6159041 8225
2054 6167266 3721
2055 6170987 5026
2056 6176013 3506
2057 6179519 1894
2058 6181413 997
2059 6182410 1416
2060 6183826 1175
2061 6185001 2104
2062 6187105 1304
2063 6188409 1743
2064 6190152 1813
2065 6191965 2187
2066 6194152 1809
2067 6195961 7672
2068 6203633 18360
2069 6221993 3884
2070 6225877 4416
2071 6230293 3351
2072 6233644 3554
2073 6237198 10518
2074 6247716 4070
2075 6251786 1224
2076 6253010 899
2077 6253909 1511
2078 6255420 972
2079 6256392 1980
2080 6258372 4469
2081 6262841 1637
2082 6264478 6249
2083 6270727 7705
2084 6278432 2000
2085 6280432 4010
2086 6284442 2680
2087 6287122 4778
2088 6291900 8855
2089 6300755 4984
2090 6305739 7982
2091 6313721 4792
2092 6318513 10046
2093 6328559 2219
2094 6330778 1624
2095 6332402 2108
2096 6334510 1883
2097 6336393 2444
2098 6338837 2902
2099 6341739 2590
2100 6344329 13309
2101 6357638 2497
2102 6360135 2268
2103 6362403 3094
2104 6365497 10168
2105 6375665 4728
2106 6380393 7008
2107 6387401 3668
2108 6391069 3435
2109 6394504 2855
2110 6397359 5886
2111 6403245 3092
2112 6406337 5867
2113 6412204 4781
2114 6416985 13743
2115 6430728 3839
2116 6434567 2978
2117 6437545 1632
2118 6439177 8117
2119 6447294 5700
2120 6452994 12511
2121 6465505 3824
2122 6469329 2213
2123 6471542 5476
2124 6477018 7936
2125 6484954 10151
2126 6495105 3611
2127 6498716 3397
2128 6502113 2193
2129 6504306 3792
2130 6508098 2039
2131 6510137 1492
2132 6511629 7387
2133 6519016 1029
2134 6520045 953
2135 6520998 1686
2136 6522684 3287
2137 6525971 1834
2138 6527805 4070
2139 6531875 4036
2140 6535911 1406
2141 6537317 4929
2142 6542246 2611
2143 6544857 1762
2144 6546619 1985
2145 6548604 1494
2146 6550098 5115
2147 6555213 9679
2148 6564892 1661
2149 6566553 629
2150 6567182 614
2151 6567796 2929
2152 6570725 1879
2153 6572604 2320
2154 6574924 3085
2155 6578009 2901
2156 6580910 2964
2157 6583874 3016
2158 6586890 2446
2159 6589336 2477
2160 6591813 2546
2161 6594359 862
2162 6595221 1604
2163 6596825 5838
2164 6602663 2586
2165 6605249 1296
2166 6606545 2053
2167 6608598 1588
2168 6610186 2906
2169 6613092 5811
2170 6618903 1203
2171 6620106 2830
2172 6622936 1852
2173 6624788 1245
2174 6626033 1129
2175 6627162 1786
2176 6628948 6000
2177 6634948 3448
2178 6638396 1603
2179 6639999 621
2180 6640620 2712
2181 6643332 907
2182 6644239 5769
2183 6650008 5219
2184 6655227 1621
2185 6656848 772
2186 6657620 801
2187 6658421 2493
2188 6660914 5808
2189 6666722 3635
2190 6670357 3611
2191 6673968 3950
2192 6677918 3734
2193 6681652 637
2194 6682289 5828
2195 6688117 581
2196 6688698 2813
2197 6691511 2876
2198 6694387 1101
2199 6695488 1284
2200 6696772 7589
2201 6704361 1493
2202 6705854 2305
2203 6708159 2105
2204 6710264 1466
2205 6711730 992
2206 6712722 1711
2207 6714433 2631
2208 6717064 1918
2209 6718982 17049
2210 6736031 1555
2211 6737586 4856
2212 6742442 2117
2213 6744559 2828
2214 6747387 6288
2215 6753675 542
2216 6754217 4042
2217 6758259 2050
2218 6760309 1221
2219 6761530 4667
2220 6766197 862
2221 6767059 2126
2222 6769185 1904
2223 6771089 4191
2224 6775280 4704
2225 6779984 9246
2226 6789230 4139
2227 6793369 2715
2228 6796084 853
2229 6796937 818
2230 6797755 917
2231 6798672 1061
2232 6799733 3692
2233 6803425 2011
2234 6805436 3227
2235 6808663 2872
2236 6811535 7588
2237 6819123 421
2238 6819544 523
2239 6820067 11271
2240 6831338 4502
2241 6835840 9037
2242 6844877 3418
2243 6848295 2062
2244 6850357 2012
2245 6852369 7142
2246 6859511 6475
2247 6865986 3701
2248 6869687 2257
2249 6871944 14980
2250 6886924 6425
2251 6893349 1339
2252 6894688 1986
2253 6896674 2948
2254 6899622 2595
2255 6902217 2147
2256 6904364 1599
2257 6905963 751
2258 6906714 1401
2259 6908115 745
2260 6908860 397
2261 6909257 3998
2262 6913255 3073
2263 6916328 4175
2264 6920503 7618
2265 6928121 5448
2266 6933569 1366
2267 6934935 1183
2268 6936118 939
2269 6937057 1869
2270 6938926 2430
2271 6941356 5507
2272 6946863 8111
2273 6954974 2481
2274 6957455 926
2275 6958381 857
2276 6959238 1653
2277 6960891 2249
2278 6963140 7297
2279 6970437 1651
2280 6972088 4779
2281 6976867 2467
2282 6979334 3648
2283 6982982 2703
2284 6985685 6979
2285 6992664 3033
2286 6995697 4615
2287 7000312 2533
2288 7002845 2895
2289 7005740 1916
2290 7007656 1285
2291 7008941 4748
2292 7013689 1645
2293 7015334 1014
2294 7016348 1613
2295 7017961 1811
2296 7019772 4620
2297 7024392 1684
2298 7026076 2696
2299 7028772 9360
2300 7038132 1888
2301 7040020 2645
2302 7042665 9101
2303 7051766 3562
2304 7055328 6169
2305 7061497 3380
2306 7064877 2967
2307 7067844 7893
2308 7075737 1745
2309 7077482 2212
2310 7079694 1658
2311 7081352 974
2312 7082326 1690
2313 7084016 1792
2314 7085808 15090
2315 7100898 7398
2316 7108296 3154
2317 7111450 1686
2318 7113136 1422
2319 7114558 7699
2320 7122257 2003
2321 7124260 2125
2322 7126385 1795
2323 7128180 1697
2324 7129877 2088
2325 7131965 1168
2326 7133133 1600
2327 7134733 3088
2328 7137821 1189
2329 7139010 594
2330 7139604 1580
2331 7141184 1651
2332 7142835 1577
2333 7144412 8831
2334 7153243 7794
2335 7161037 4446
2336 7165483 2937
2337 7168420 620
2338 7169040 7702
2339 7176742 3954
2340 7180696 12567
2341 7193263 4941
2342 7198204 2540
2343 7200744 6326
2344 7207070 2637
2345 7209707 2366
2346 7212073 3873
2347 7215946 2835
2348 7218781 13578
2349 7232359 7949
2350 7240308 1926
2351 7242234 2797
2352 7245031 1948
2353 7246979 1866
2354 7248845 3488
2355 7252333 2233
2356 7254566 3075
2357 7257641 2008
2358 7259649 1846
2359 7261495 2208
2360 7263703 2954
2361 7266657 2874
2362 7269531 1947
2363 7271478 2621
2364 7274099 3338
2365 7277437 2185
2366 7279622 1928
2367 7281550 1791
2368 7283341 2103
2369 7285444 4519
2370 7289963 3915
2371 7293878 3817
2372 7297695 3024
2373 7300719 2469
2374 7303188 2584
2375 7305772 2349
2376 7308121 2390
2377 7310511 5882
2378 7316393 9865
2379 7326258 2720
2380 7328978 977
2381 7329955 4441
2382 7334396 3216
2383 7337612 2689
2384 7340301 2396
2385 7342697 2615
2386 7345312 3586
2387 7348898 4371
2388 7353269 2628
2389 7355897 5009
2390 7360906 2767
2391 7363673 8245
2392 7371918 2770
2393 7374688 6305
2394 7380993 2464
2395 7383457 1237
2396 7384694 17858
2397 7402552 9891
2398 7412443 2978
2399 7415421 3261
2400 7418682 5905
2401 7424587 3500
2402 7428087 1959
2403 7430046 3097
2404 7433143 4512
2405 7437655 4393
2406 7442048 3737
2407 7445785 3009
2408 7448794 24593
2409 7473387 11350
2410 7484737 16342
2411 7501079 30745
2412 7531824 3803
2413 7535627 1959
2414 7537586 1565
2415 7539151 2564
2416 7541715 2011
2417 7543726 3756
2418 7547482 946
2419 7548428 1211
2420 7549639 1930
2421 7551569 1442
2422 7553011 3815
2423 7556826 5722
2424 7562548 2244
2425 7564792 2906
2426 7567698 1508
2427 7569206 5754
2428 7574960 2662
2429 7577622 1291
2430 7578913 1269
2431 7580182 1338
2432 7581520 7959
2433 7589479 1716
2434 7591195 2834
2435 7594029 1246
2436 7595275 1434
2437 7596709 5128
2438 7601837 3045
2439 7604882 1300
2440 7606182 2792
2441 7608974 1447
2442 7610421 933
2443 7611354 2779
2444 7614133 1498
2445 7615631 806
2446 7616437 2899
2447 7619336 1121
2448 7620457 8783
2449 7629240 2612
2450 7631852 1628
2451 7633480 2238
2452 7635718 1994
2453 7637712 6257
2454 7643969 2082
2455 7646051 1570
2456 7647621 3151
2457 7650772 2687
2458 7653459 2886
2459 7656345 1040
2460 7657385 1422
2461 7658807 5509
2462 7664316 3622
2463 7667938 2084
2464 7670022 5812
2465 7675834 6784
2466 7682618 1224
2467 7683842 1523
2468 7685365 360
2469 7685725 2202
2470 7687927 2949
2471 7690876 1223
2472 7692099 925
2473 7693024 1871
2474 7694895 2970
2475 7697865 6889
2476 7704754 2664
2477 7707418 1566
2478 7708984 1771
2479 7710755 1708
2480 7712463 963
2481 7713426 8962
2482 7722388 5613
2483 7728001 5671
2484 7733672 5488
2485 7739160 6745
2486 7745905 2076
2487 7747981 19459
2488 7767440 1822
2489 7769262 1240
2490 7770502 3038
2491 7773540 1860
2492 7775400 2695
2493 7778095 4177
2494 7782272 1415
2495 7783687 597
2496 7784284 6574
2497 7790858 2418
2498 7793276 1831
2499 7795107 3349
2500 7798456 1891
2501 7800347 13761
2502 7814108 544
2503 7814652 1642
2504 7816294 3033
2505 7819327 2370
2506 7821697 2834
2507 7824531 18376
2508 7842907 3345
2509 7846252 3696
2510 7849948 6362
2511 7856310 1493
2512 7857803 2690
2513 7860493 2099
2514 7862592 3114
2515 7865706 1608
2516 7867314 8520
2517 7875834 3509
2518 7879343 3396
2519 7882739 1371
2520 7884110 7921
2521 7892031 8205
2522 7900236 8642
2523 7908878 5691
2524 7914569 7424
2525 7921993 7087
2526 7929080 1800
2527 7930880 6429
2528 7937309 9041
2529 7946350 3869
2530 7950219 4598
2531 7954817 2732
2532 7957549 2402
2533 7959951 3866
2534 7963817 4814
2535 7968631 4267
2536 7972898 7057
2537 7979955 8493
2538 7988448 8341
2539 7996789 5412
2540 8002201 2417
2541 8004618 7602
2542 8012220 2903
2543 8015123 1063
2544 8016186 3057
2545 8019243 10604
2546 8029847 7567
2547 8037414 7620
2548 8045034 1044
2549 8046078 2972
2550 8049050 8031
2551 8057081 6945
2552 8064026 4065
2553 8068091 9583
2554 8077674 9634
2555 8087308 2709
2556 8090017 3797
2557 8093814 5694
2558 8099508 14786
2559 8114294 3048
2560 8117342 4459
2561 8121801 7895
2562 8129696 6502
2563 8136198 2510
2564 8138708 3804
2565 8142512 3389
2566 8145901 5081
2567 8150982 2243
2568 8153225 1366
2569 8154591 3998
2570 8158589 993
2571 8159582 3489
2572 8163071 3303
2573 8166374 3678
2574 8170052 3279
2575 8173331 2467
2576 8175798 989
2577 8176787 1264
2578 8178051 8069
2579 8186120 7015
2580 8193135 4486
2581 8197621 7300
2582 8204921 998
2583 8205919 3332
2584 8209251 9073
2585 8218324 2150
2586 8220474 6298
2587 8226772 6289
2588 8233061 1145
2589 8234206 833
2590 8235039 6803
2591 8241842 3584
2592 8245426 2683
2593 8248109 3239
2594 8251348 3742
2595 8255090 4255
2596 8259345 14612
2597 8273957 2628
2598 8276585 2731
2599 8279316 3475
2600 8282791 4179
2601 8286970 3800
2602 8290770 3075
2603 8293845 1695
2604 8295540 4310
2605 8299850 4003
2606 8303853 4165
2607 8308018 3549
2608 8311567 3649
2609 8315216 3811
2610 8319027 4010
2611 8323037 3477
2612 8326514 3769
2613 8330283 3096
2614 8333379 3138
2615 8336517 4067
2616 8340584 3273
2617 8343857 3413
2618 8347270 3459
2619 8350729 3521
2620 8354250 4679
2621 8358929 1516
2622 8360445 3419
2623 8363864 5071
2624 8368935 3295
2625 8372230 3736
2626 8375966 3486
2627 8379452 2742
2628 8382194 3652
2629 8385846 3095
2630 8388941 3556
2631 8392497 18945
2632 8411442 4522
2633 8415964 3787
2634 8419751 3627
2635 8423378 4335
2636 8427713 1244
2637 8428957 938
2638 8429895 2966
2639 8432861 4077
2640 8436938 3555
2641 8440493 2618
2642 8443111 1115
2643 8444226 4228
2644 8448454 19820
2645 8468274 3833
2646 8472107 3335
2647 8475442 4821
2648 8480263 3321
2649 8483584 3281
2650 8486865 3653
2651 8490518 5139
2652 8495657 7832
2653 8503489 11015
2654 8514504 1840
2655 8516344 7275
2656 8523619 3696
2657 8527315 7934
2658 8535249 486
2659 8535735 2502
2660 8538237 3089
2661 8541326 3887
2662 8545213 757
2663 8545970 879
2664 8546849 5574
2665 8552423 1492
2666 8553915 2146
2667 8556061 2626
2668 8558687 3674
2669 8562361 3278
2670 8565639 2094
2671 8567733 4834
2672 8572567 10150
2673 8582717 595
2674 8583312 3172
2675 8586484 3461
2676 8589945 3771
2677 8593716 6256
2678 8599972 9864
2679 8609836 2083
2680 8611919 1639
2681 8613558 3131
2682 8616689 3676
2683 8620365 1990
2684 8622355 4402
2685 8626757 1372
2686 8628129 9461
2687 8637590 4584
2688 8642174 2589
2689 8644763 3583
2690 8648346 1811
2691 8650157 1491
2692 8651648 1513
2693 8653161 4724
2694 8657885 2899
2695 8660784 8567
2696 8669351 5314
2697 8674665 3049
2698 8677714 7132
2699 8684846 1202
2700 8686048 2809
2701 8688857 2596
2702 8691453 1956
2703 8693409 532
2704 8693941 5889
2705 8699830 525
2706 8700355 2081
2707 8702436 5888
2708 8708324 2526
2709 8710850 3080
2710 8713930 8947
2711 8722877 3622
2712 8726499 3046
2713 8729545 8962
2714 8738507 4046
2715 8742553 3399
2716 8745952 3644
2717 8749596 1473
2718 8751069 4488
2719 8755557 1028
2720 8756585 1782
2721 8758367 5602
2722 8763969 2101
2723 8766070 1802
2724 8767872 15860
2725 8783732 5939
2726 8789671 2260
2727 8791931 2624
2728 8794555 5409
2729 8799964 3928
2730 8803892 13777
2731 8817669 3832
2732 8821501 1855
2733 8823356 3645
2734 8827001 6600
2735 8833601 2967
2736 8836568 571
2737 8837139 4696
2738 8841835 4562
2739 8846397 2716
2740 8849113 4749
2741 8853862 2164
2742 8856026 746
2743 8856772 1485
2744 8858257 3270
2745 8861527 1209
2746 8862736 1785
2747 8864521 4562
2748 8869083 1088
2749 8870171 4229
2750 8874400 1832
2751 8876232 4964
2752 8881196 2638
2753 8883834 2608
2754 8886442 368
2755 8886810 1534
2756 8888344 1507
2757 8889851 2196
2758 8892047 1500
2759 8893547 1088
2760 8894635 2674
2761 8897309 1022
2762 8898331 336
2763 8898667 1291
2764 8899958 900
2765 8900858 3925
2766 8904783 1347
2767 8906130 3135
2768 8909265 2630
2769 8911895 1296
2770 8913191 1245
2771 8914436 2505
2772 8916941 1204
2773 8918145 8156
2774 8926301 1342
2775 8927643 7422
2776 8935065 3722
2777 8938787 7016
2778 8945803 4929
2779 8950732 1667
2780 8952399 1601
2781 8954000 2044
2782 8956044 1349
2783 8957393 513
2784 8957906 1362
2785 8959268 2304
2786 8961572 1545
2787 8963117 11565
2788 8974682 2060
2789 8976742 823
2790 8977565 925
2791 8978490 1066
2792 8979556 1831
2793 8981387 722
2794 8982109 11578
2795 8993687 1789
2796 8995476 2971
2797 8998447 3752
2798 9002199 956
2799 9003155 2216
2800 9005371 1235
2801 9006606 4769
2802 9011375 7062
2803 9018437 1049
2804 9019486 1788
2805 9021274 2573
2806 9023847 1491
2807 9025338 1252
2808 9026590 6686
2809 9033276 3546
2810 9036822 1013
2811 9037835 3541
2812 9041376 1659
2813 9043035 3002
2814 9046037 1326
2815 9047363 515
2816 9047878 782
2817 9048660 4843
2818 9053503 1240
2819 9054743 6453
2820 9061196 2698
2821 9063894 450
2822 9064344 4249
2823 9068593 527
2824 9069120 1493
2825 9070613 2132
2826 9072745 2802
2827 9075547 3182
2828 9078729 1382
2829 9080111 1540
2830 9081651 1142
2831 9082793 1457
2832 9084250 2356
2833 9086606 597
2834 9087203 3762
2835 9090965 1657
2836 9092622 520
2837 9093142 4156
2838 9097298 6078
2839 9103376 1744
2840 9105120 3599
2841 9108719 2461
2842 9111180 5786
2843 9116966 7772
2844 9124738 4945
2845 9129683 913
2846 9130596 1279
2847 9131875 2039
2848 9133914 4071
2849 9137985 3500
2850 9141485 612
2851 9142097 4065
2852 9146162 2916
2853 9149078 2859
2854 9151937 3511
2855 9155448 5618
2856 9161066 4653
2857 9165719 5100
2858 9170819 2713
2859 9173532 9174
2860 9182706 9412
2861 9192118 5554
2862 9197672 7361
2863 9205033 2614
2864 9207647 8372
2865 9216019 1314
2866 9217333 1890
2867 9219223 3094
2868 9222317 4566
2869 9226883 2031
2870 9228914 1207
2871 9230121 1227
2872 9231348 5295
2873 9236643 2789
2874 9239432 4022
2875 9243454 1144
2876 9244598 2030
2877 9246628 1345
2878 9247973 2900
2879 9250873 1592
2880 9252465 745
2881 9253210 540
2882 9253750 869
2883 9254619 680
2884 9255299 541
2885 9255840 473
2886 9256313 1349
2887 9257662 3747
2888 9261409 520
2889 9261929 2093
2890 9264022 1346
2891 9265368 3404
2892 9268772 3276
2893 9272048 5332
2894 9277380 3018
2895 9280398 3819
2896 9284217 3298
2897 9287515 3047
2898 9290562 1943
2899 9292505 3206
2900 9295711 3785
2901 9299496 10083
2902 9309579 3832
2903 9313411 3456
2904 9316867 4226
2905 9321093 1525
2906 9322618 1466
2907 9324084 2361
2908 9326445 1958
2909 9328403 3110
2910 9331513 2396
2911 9333909 8507
2912 9342416 4226
2913 9346642 12859
2914 9359501 4576
2915 9364077 2373
2916 9366450 2429
2917 9368879 661
2918 9369540 1378
2919 9370918 10084
2920 9381002 21763
2921 9402765 3515
2922 9406280 1424
2923 9407704 1069
2924 9408773 5655
2925 9414428 1214
2926 9415642 912
2927 9416554 1357
2928 9417911 17727
2929 9435638 9475
2930 9445113 2845
2931 9447958 1357
2932 9449315 4600
2933 9453915 5957
2934 9459872 1061
2935 9460933 2303
2936 9463236 8167
2937 9471403 3256
2938 9474659 1843
2939 9476502 531
2940 9477033 1549
2941 9478582 2277
2942 9480859 5935
2943 9486794 1331
2944 9488125 3169
2945 9491294 1241
2946 9492535 1315
2947 9493850 1105
2948 9494955 5537
2949 9500492 931
2950 9501423 4365
2951 9505788 344
2952 9506132 8876
2953 9515008 3591
2954 9518599 1607
2955 9520206 1339
2956 9521545 6396
2957 9527941 4073
2958 9532014 1251
2959 9533265 2944
2960 9536209 2657
2961 9538866 1780
2962 9540646 4111
2963 9544757 12817
2964 9557574 1475
2965 9559049 4030
2966 9563079 3580
2967 9566659 1365
2968 9568024 1088
2969 9569112 3959
2970 9573071 6873
2971 9579944 1584
2972 9581528 1518
2973 9583046 1453
2974 9584499 2431
2975 9586930 2158
2976 9589088 1747
2977 9590835 1764
2978 9592599 1155
2979 9593754 805
2980 9594559 7021
2981 9601580 8128
2982 9609708 1477
2983 9611185 1083
2984 9612268 4667
2985 9616935 2422
2986 9619357 1165
2987 9620522 6434
2988 9626956 1770
2989 9628726 7551
2990 9636277 2165
2991 9638442 6388
2992 9644830 3991
2993 9648821 1391
2994 9650212 8331
2995 9658543 6892
2996 9665435 9527
2997 9674962 3640
2998 9678602 2223
2999 9680825 3389
3000 9684214 4726
3001 9688940 1679
3002 9690619 793
3003 9691412 1107
3004 9692519 2950
3005 9695469 4422
3006 9699891 9690
3007 9709581 2202
3008 9711783 3177
3009 9714960 2112
3010 9717072 2293
3011 9719365 27054
3012 9746419 1906
3013 9748325 1786
3014 9750111 5386
3015 9755497 2513
3016 9758010 3424
3017 9761434 4788
3018 9766222 3739
3019 9769961 3392
3020 9773353 15500
3021 9788853 4156
3022 9793009 3609
3023 9796618 10169
3024 9806787 1694
3025 9808481 1515
3026 9809996 5880
3027 9815876 10972
3028 9826848 5266
3029 9832114 3868
3030 9835982 2211
3031 9838193 680
3032 9838873 1546
3033 9840419 4665
3034 9845084 2751
3035 9847835 1967
3036 9849802 8807
3037 9858609 6287
3038 9864896 5207
3039 9870103 1988
3040 9872091 6490
3041 9878581 2984
3042 9881565 2954
3043 9884519 1712
3044 9886231 2132
3045 9888363 2607
3046 9890970 1714
3047 9892684 7630
3048 9900314 3396
3049 9903710 3053
3050 9906763 1915
3051 9908678 5590
3052 9914268 8201
3053 9922469 3223
3054 9925692 488
3055 9926180 3672
3056 9929852 5139
3057 9934991 6925
3058 9941916 937
3059 9942853 2379
3060 9945232 4384
3061 9949616 3568
3062 9953184 2921
3063 9956105 5642
3064 9961747 5104
3065 9966851 7370
3066 9974221 1140
3067 9975361 3955
3068 9979316 1363
3069 9980679 3309
3070 9983988 4398
3071 9988386 4892
3072 9993278 2361
3073 9995639 6095
3074 10001734 2295
3075 10004029 1724
3076 10005753 15328
3077 10021081 5409
3078 10026490 1387
3079 10027877 5712
3080 10033589 1409
3081 10034998 4649
3082 10039647 4625
3083 10044272 9784
3084 10054056 1747
3085 10055803 3493
3086 10059296 3925
3087 10063221 7912
3088 10071133 3813
3089 10074946 14107
3090 10089053 3169
3091 10092222 2117
3092 10094339 10200
3093 10104539 1020
3094 10105559 1349
3095 10106908 5188
3096 10112096 6661
3097 10118757 1424
3098 10120181 1778
3099 10121959 2252
3100 10124211 3420
3101 10127631 1964
3102 10129595 2108
3103 10131703 5949
3104 10137652 2082
3105 10139734 1463
3106 10141197 1113
3107 10142310 3184
3108 10145494 6321
3109 10151815 1990
3110 10153805 2398
3111 10156203 2615
3112 10158818 2619
3113 10161437 3609
3114 10165046 1419
3115 10166465 8502
3116 10174967 3916
3117 10178883 10452
3118 10189335 7209
3119 10196544 3366
3120 10199910 6502
3121 10206412 4379
3122 10210791 4668
3123 10215459 3000
3124 10218459 1327
3125 10219786 3080
3126 10222866 1963
3127 10224829 1676
3128 10226505 1722
3129 10228227 2071
3130 10230298 2136
3131 10232434 990
3132 10233424 1900
3133 10235324 3964
3134 10239288 2205
3135 10241493 5405
3136 10246898 1751
3137 10248649 1903
3138 10250552 2551
3139 10253103 2193
3140 10255296 1800
3141 10257096 2390
3142 10259486 4961
3143 10264447 1635
3144 10266082 13682
3145 10279764 983
3146 10280747 14512
3147 10295259 1861
3148 10297120 1612
3149 10298732 1102
3150 10299834 1524
3151 10301358 1771
3152 10303129 6085
3153 10309214 2995
3154 10312209 3085
3155 10315294 2393
3156 10317687 1961
3157 10319648 2857
3158 10322505 5410
3159 10327915 15399
3160 10343314 7246
3161 10350560 3362
3162 10353922 3241
3163 10357163 2547
3164 10359710 2967
3165 10362677 1349
3166 10364026 2304
3167 10366330 5174
3168 10371504 1618
3169 10373122 1303
3170 10374425 1997
3171 10376422 2610
3172 10379032 1502
3173 10380534 1295
3174 10381829 2497
3175 10384326 1108
3176 10385434 6218
3177 10391652 9216
3178 10400868 11709
3179 10412577 2085
3180 10414662 6514
3181 10421176 5829
3182 10427005 5990
3183 10432995 1235
3184 10434230 9994
3185 10444224 5516
3186 10449740 3049
3187 10452789 2002
3188 10454791 2329
3189 10457120 1832
3190 10458952 1426
3191 10460378 1506
3192 10461884 1571
3193 10463455 1645
3194 10465100 3467
3195 10468567 2557
3196 10471124 15285
3197 10486409 2562
3198 10488971 2767
3199 10491738 1390
3200 10493128 4983
3201 10498111 1842
3202 10499953 2882
3203 10502835 8175
3204 10511010 7526
3205 10518536 3497
3206 10522033 9757
3207 10531790 1651
3208 10533441 958
3209 10534399 1031
3210 10535430 15099
3211 10550529 7797
3212 10558326 2865
3213 10561191 2741
3214 10563932 1219
3215 10565151 11869
3216 10577020 5363
3217 10582383 5906
3218 10588289 1772
3219 10590061 22677
3220 10612738 1513
3221 10614251 6627
3222 10620878 6420
3223 10627298 767
3224 10628065 3235
3225 10631300 772
3226 10632072 6364
3227 10638436 5742
3228 10644178 10753
3229 10654931 4317
3230 10659248 3053
3231 10662301 6103
3232 10668404 6084
3233 10674488 1698
3234 10676186 6477
3235 10682663 3280
3236 10685943 6715
3237 10692658 9039
3238 10701697 1430
3239 10703127 2915
3240 10706042 1780
3241 10707822 6022
3242 10713844 6802
3243 10720646 6308
3244 10726954 6430
3245 10733384 9705
3246 10743089 9746
3247 10752835 1186
3248 10754021 719
3249 10754740 1152
3250 10755892 3802
3251 10759694 674
3252 10760368 5532
3253 10765900 1397
3254 10767297 2786
3255 10770083 2323
3256 10772406 12223
3257 10784629 2602
3258 10787231 26091
3259 10813322 3716
3260 10817038 4041
3261 10821079 12436
3262 10833515 4407
3263 10837922 3897
3264 10841819 14657
3265 10856476 12279
3266 10868755 3681
3267 10872436 9108
3268 10881544 1809
3269 10883353 718
3270 10884071 3237
3271 10887308 2862
3272 10890170 5825
3273 10895995 9624
3274 10905619 4049
3275 10909668 1140
3276 10910808 1791
3277 10912599 5506
3278 10918105 4603
3279 10922708 4549
3280 10927257 4400
3281 10931657 4376
3282 10936033 3681
3283 10939714 6170
3284 10945884 4197
3285 10950081 1111
3286 10951192 740
3287 10951932 8850
3288 10960782 3960
3289 10964742 7013
3290 10971755 1518
3291 10973273 2484
3292 10975757 1093
3293 10976850 1031
3294 10977881 1022
3295 10978903 5333
3296 10984236 10880
3297 10995116 753
3298 10995869 672
3299 10996541 4024
3300 11000565 10096
3301 11010661 1315
3302 11011976 858
3303 11012834 633
3304 11013467 994
3305 11014461 732
3306 11015193 1759
3307 11016952 12305
3308 11029257 4333
3309 11033590 11198
3310 11044788 3617
3311 11048405 1517
3312 11049922 2714
3313 11052636 947
3314 11053583 1124
3315 11054707 15577
3316 11070284 6432
3317 11076716 13963
3318 11090679 736
3319 11091415 2051
3320 11093466 2608
3321 11096074 2784
3322 11098858 1777
3323 11100635 20063
3324 11120698 9038
3325 11129736 3571
3326 11133307 3553
3327 11136860 3394
3328 11140254 3248
3329 11143502 429
3330 11143931 2546
3331 11146477 4107
3332 11150584 928
3333 11151512 3845
3334 11155357 28635
3335 11183992 4092
3336 11188084 7400
3337 11195484 9330
3338 11204814 30311
3339 11235125 19682
3340 11254807 949
3341 11255756 615
3342 11256371 2323
3343 11258694 1613
3344 11260307 4964
3345 11265271 3314
3346 11268585 4047
3347 11272632 2499
3348 11275131 4590
3349 11279721 1143
3350 11280864 2002
3351 11282866 555
3352 11283421 420
3353 11283841 2299
3354 11286140 852
3355 11286992 3541
3356 11290533 930
3357 11291463 2478
3358 11293941 3122
3359 11297063 7213
3360 11304276 19030
3361 11323306 5701
3362 11329007 1301
3363 11330308 2178
3364 11332486 2346
3365 11334832 2607
3366 11337439 3525
3367 11340964 2251
3368 11343215 22094
3369 11365309 851
3370 11366160 394
3371 11366554 1150
3372 11367704 3737
3373 11371441 1022
3374 11372463 3537
3375 11376000 3249
3376 11379249 1576
3377 11380825 1345
3378 11382170 2015
3379 11384185 2050
3380 11386235 1312
3381 11387547 3894
3382 11391441 551
3383 11391992 6469
3384 11398461 2452
3385 11400913 3550
3386 11404463 819
3387 11405282 1270
3388 11406552 2416
3389 11408968 688
3390 11409656 787
3391 11410443 5016
3392 11415459 4329
3393 11419788 3029
3394 11422817 2761
3395 11425578 3754
3396 11429332 2136
3397 11431468 4020
3398 11435488 13151
3399 11448639 2527
3400 11451166 1931
3401 11453097 3635
3402 11456732 3878
3403 11460610 3888
3404 11464498 1909
3405 11466407 5451
3406 11471858 6889
3407 11478747 2521
3408 11481268 4595
3409 11485863 1516
3410 11487379 2497
3411 11489876 2686
3412 11492562 827
3413 11493389 5374
3414 11498763 282
3415 11499045 851
3416 11499896 3590
3417 11503486 5939
3418 11509425 1251
3419 11510676 1398
3420 11512074 2400
3421 11514474 2216
3422 11516690 4074
3423 11520764 1153
3424 11521917 1797
3425 11523714 2016
3426 11525730 3140
3427 11528870 8626
3428 11537496 3980
3429 11541476 4011
3430 11545487 4641
3431 11550128 3917
3432 11554045 1171
3433 11555216 4230
3434 11559446 2722
3435 11562168 1730
3436 11563898 4054
3437 11567952 3890
3438 11571842 2904
3439 11574746 1304
3440 11576050 7705
3441 11583755 19088
3442 11602843 2211
3443 11605054 3799
3444 11608853 1661
3445 11610514 4267
3446 11614781 8868
3447 11623649 3158
3448 11626807 8725
3449 11635532 5782
3450 11641314 2181
3451 11643495 1228
3452 11644723 3878
3453 11648601 1679
3454 11650280 3454
3455 11653734 2820
3456 11656554 6307
3457 11662861 1821
3458 11664682 6769
3459 11671451 3688
3460 11675139 10449
3461 11685588 4577
3462 11690165 3539
3463 11693704 6467
3464 11700171 9653
3465 11709824 1607
3466 11711431 2792
3467 11714223 4574
3468 11718797 8728
3469 11727525 1600
3470 11729125 4830
3471 11733955 2328
3472 11736283 1953
3473 11738236 2423
3474 11740659 3350
3475 11744009 2376
3476 11746385 2431
3477 11748816 20285
3478 11769101 8416
3479 11777517 4389
3480 11781906 4493
3481 11786399 4162
3482 11790561 1552
3483 11792113 4504
3484 11796617 1382
3485 11797999 1200
3486 11799199 1498
3487 11800697 7446
3488 11808143 2198
3489 11810341 18045
3490 11828386 8898
3491 11837284 5695
3492 11842979 4043
3493 11847022 3580
3494 11850602 2072
3495 11852674 16392
3496 11869066 4479
3497 11873545 1172
3498 11874717 1946
3499 11876663 1372
3500 11878035 8195
3501 11886230 5191
3502 11891421 6863
3503 11898284 1948
3504 11900232 8224
3505 11908456 7581
3506 11916037 8525
3507 11924562 4997
3508 11929559 15111
3509 11944670 7561
3510 11952231 5101
3511 11957332 1389
3512 11958721 1590
3513 11960311 2172
3514 11962483 731
3515 11963214 6391
3516 11969605 2152
3517 11971757 8317
3518 11980074 4243
3519 11984317 1896
3520 11986213 5257
3521 11991470 5489
3522 11996959 9136
3523 12006095 4712
3524 12010807 9545
3525 12020352 3792
3526 12024144 1093
3527 12025237 1445
3528 12026682 1378
3529 12028060 9099
3530 12037159 316
3531 12037475 1748
3532 12039223 682
3533 12039905 1475
3534 12041380 12573
3535 12053953 8053
3536 12062006 4098
3537 12066104 5020
3538 12071124 4483
3539 12075607 8960
3540 12084567 5384
3541 12089951 2945
3542 12092896 3130
3543 12096026 1701
3544 12097727 8111
3545 12105838 3709
3546 12109547 14191
3547 12123738 3302
3548 12127040 3896
3549 12130936 4332
3550 12135268 11612
3551 12146880 949
3552 12147829 8023
3553 12155852 6285
3554 12162137 801
3555 12162938 5701
3556 12168639 15719
3557 12184358 829
3558 12185187 6084
3559 12191271 590
3560 12191861 5280
3561 12197141 8081
3562 12205222 1347
3563 12206569 4382
3564 12210951 614
3565 12211565 8932
3566 12220497 1266
