1 0 2817
2 2817 2706
3 5523 1250
4 6773 1106
5 7879 861
6 8740 981
7 9721 996
8 10717 2360
9 13077 1744
10 14821 1154
11 15975 904
12 16879 1135
13 18014 1359
14 19373 1000
15 20373 1951
16 22324 2627
17 24951 1277
18 26228 2744
19 28972 2820
20 31792 3001
21 34793 1064
22 35857 3629
23 39486 2547
24 42033 4298
25 46331 3334
26 49665 5885
27 55550 3303
28 58853 924
29 59777 2331
30 62108 4631
31 66739 2316
32 69055 798
33 69853 5809
34 75662 1238
35 76900 6019
36 82919 878
37 83797 1622
38 85419 877
39 86296 3278
40 89574 6421
41 95995 830
42 96825 3424
43 100249 4041
44 104290 1251
45 105541 1085
46 106626 1806
47 108432 1539
48 109971 2501
49 112472 2500
50 114972 1752
51 116724 1383
52 118107 2914
53 121021 2441
54 123462 1572
55 125034 1865
56 126899 1085
57 127984 955
58 128939 3368
59 132307 1962
60 134269 1933
61 136202 2228
62 138430 1958
63 140388 3128
64 143516 1798
65 145314 3201
66 148515 3805
67 152320 521
68 152841 1109
69 153950 814
70 154764 2572
71 157336 1061
72 158397 2284
73 160681 1866
74 162547 1428
75 163975 728
76 164703 1681
77 166384 2542
78 168926 1570
79 170496 2290
80 172786 2393
81 175179 2253
82 177432 1071
83 178503 2524
84 181027 1430
85 182457 4190
86 186647 2113
87 188760 1794
88 190554 2253
89 192807 4217
90 197024 541
91 197565 834
92 198399 2568
93 200967 4243
94 205210 3562
95 208772 908
96 209680 4084
97 213764 3518
98 217282 1225
99 218507 2399
100 220906 2659
101 223565 670
102 224235 661
103 224896 684
104 225580 665
105 226245 704
106 226949 682
107 227631 693
108 228324 639
109 228963 634
110 229597 657
111 230254 642
112 230896 720
113 231616 688
114 232304 666
115 232970 634
116 233604 677
117 234281 630
118 234911 662
119 235573 647
120 236220 635
121 236855 655
122 237510 648
123 238158 658
124 238816 652
125 239468 670
126 240138 704
127 240842 654
128 241496 687
129 242183 667
130 242850 663
131 243513 682
132 244195 664
133 244859 670
134 245529 702
135 246231 657
136 246888 690
137 247578 699
138 248277 676
139 248953 700
140 249653 661
141 250314 677
142 250991 709
143 251700 689
144 252389 665
145 253054 640
146 253694 673
147 254367 653
148 255020 663
149 255683 640
150 256323 667
151 256990 655
152 257645 653
153 258298 655
154 258953 649
155 259602 661
156 260263 703
157 260966 659
158 261625 689
159 262314 669
160 262983 634
161 263617 672
162 264289 665
163 264954 685
164 265639 667
165 266306 704
166 267010 639
167 267649 658
168 268307 690
169 268997 665
170 269662 672
171 270334 664
172 270998 667
173 271665 685
174 272350 704
175 273054 658
176 273712 688
177 274400 653
178 275053 716
179 275769 670
180 276439 645
181 277084 674
182 277758 657
183 278415 668
184 279083 656
185 279739 643
186 280382 656
187 281038 651
188 281689 668
189 282357 652
190 283009 706
191 283715 679
192 284394 660
193 285054 689
194 285743 657
195 286400 660
196 287060 665
197 287725 665
198 288390 663
199 289053 685
200 289738 666
201 290404 703
202 291107 659
203 291766 690
204 292456 698
205 293154 665
206 293819 641
207 294460 667
208 295127 665
209 295792 684
210 296476 672
211 297148 704
212 297852 659
213 298511 663
214 299174 657
215 299831 714
216 300545 689
217 301234 656
218 301890 668
219 302558 668
220 303226 643
221 303869 660
222 304529 655
223 305184 659
224 305843 647
225 306490 662
226 307152 656
227 307808 660
228 308468 658
229 309126 675
230 309801 704
231 310505 629
232 311134 687
233 311821 659
234 312480 689
235 313169 665
236 313834 700
237 314534 686
238 315220 669
239 315889 664
240 316553 701
241 317254 659
242 317913 715
243 318628 639
244 319267 648
245 319915 687
246 320602 668
247 321270 667
248 321937 675
249 322612 704
250 323316 666
251 323982 684
252 324666 696
253 325362 663
254 326025 673
255 326698 660
256 327358 711
257 328069 715
258 328784 663
259 329447 689
260 330136 660
261 330796 649
262 331445 653
263 332098 657
264 332755 654
265 333409 686
266 334095 666
267 334761 643
268 335404 645
269 336049 645
270 336694 657
271 337351 656
272 338007 685
273 338692 675
274 339367 696
275 340063 658
276 340721 699
277 341420 688
278 342108 662
279 342770 687
280 343457 679
281 344136 691
282 344827 675
283 345502 674
284 346176 699
285 346875 655
286 347530 688
287 348218 671
288 348889 699
289 349588 707
290 350295 660
291 350955 665
292 351620 688
293 352308 652
294 352960 658
295 353618 653
296 354271 652
297 354923 694
298 355617 651
299 356268 665
300 356933 651
301 357584 634
302 358218 653
303 358871 657
304 359528 642
305 360170 655
306 360825 652
307 361477 670
308 362147 650
309 362797 659
310 363456 695
311 364151 700
312 364851 715
313 365566 689
314 366255 655
315 366910 665
316 367575 686
317 368261 649
318 368910 688
319 369598 645
320 370243 661
321 370904 673
322 371577 658
323 372235 671
324 372906 695
325 373601 655
326 374256 648
327 374904 688
328 375592 658
329 376250 673
330 376923 650
331 377573 695
332 378268 659
333 378927 676
334 379603 661
335 380264 671
336 380935 709
337 381644 704
338 382348 715
339 383063 657
340 383720 729
341 384449 686
342 385135 655
343 385790 660
344 386450 649
345 387099 680
346 387779 639
347 388418 645
348 389063 668
349 389731 648
350 390379 666
351 391045 653
352 391698 680
353 392378 644
354 393022 694
355 393716 678
356 394394 657
357 395051 687
358 395738 653
359 396391 659
360 397050 694
361 397744 681
362 398425 659
363 399084 660
364 399744 672
365 400416 656
366 401072 687
367 401759 691
368 402450 653
369 403103 645
370 403748 697
371 404445 664
372 405109 657
373 405766 682
374 406448 672
375 407120 650
376 407770 688
377 408458 727
378 409185 687
379 409872 659
380 410531 706
381 411237 705
382 411942 698
383 412640 714
384 413354 717
385 414071 691
386 414762 686
387 415448 687
388 416135 704
389 416839 689
390 417528 674
391 418202 697
392 418899 639
393 419538 650
394 420188 687
395 420875 660
396 421535 697
397 422232 660
398 422892 682
399 423574 661
400 424235 669
401 424904 648
402 425552 689
403 426241 674
404 426915 634
405 427549 698
406 428247 664
407 428911 663
408 429574 687
409 430261 669
410 430930 700
411 431630 651
412 432281 736
413 433017 735
414 433752 726
415 434478 687
416 435165 671
417 435836 638
418 436474 647
419 437121 651
420 437772 658
421 438430 632
422 439062 678
423 439740 626
424 440366 636
425 441002 660
426 441662 639
427 442301 675
428 442976 699
429 443675 650
430 444325 687
431 445012 211
432 445223 673
433 445896 691
434 446587 697
435 447284 680
436 447964 663
437 448627 687
438 449314 664
439 449978 674
440 450652 650
441 451302 678
442 451980 689
443 452669 698
444 453367 650
445 454017 685
446 454702 687
447 455389 652
448 456041 717
449 456758 683
450 457441 639
451 458080 664
452 458744 653
453 459397 651
454 460048 648
455 460696 626
456 461322 649
457 461971 643
458 462614 649
459 463263 652
460 463915 647
461 464562 658
462 465220 696
463 465916 660
464 466576 685
465 467261 640
466 467901 668
467 468569 654
468 469223 718
469 469941 696
470 470637 689
471 471326 695
472 472021 660
473 472681 662
474 473343 654
475 473997 677
476 474674 648
477 475322 662
478 475984 660
479 476644 688
480 477332 657
481 477989 680
482 478669 698
483 479367 695
484 480062 673
485 480735 665
486 481400 675
487 482075 660
488 482735 688
489 483423 662
490 484085 670
491 484755 655
492 485410 647
493 486057 642
494 486699 651
495 487350 635
496 487985 651
497 488636 668
498 489304 651
499 489955 647
500 490602 696
501 491298 679
502 491977 659
503 492636 695
504 493331 687
505 494018 661
506 494679 697
507 495376 664
508 496040 665
509 496705 692
510 497397 678
511 498075 659
512 498734 687
513 499421 684
514 500105 660
515 500765 723
516 501488 674
517 502162 686
518 502848 641
519 503489 646
520 504135 638
521 504773 698
522 505471 692
523 506163 667
524 506830 667
525 507497 677
526 508174 659
527 508833 688
528 509521 665
529 510186 648
530 510834 654
531 511488 649
532 512137 641
533 512778 655
534 513433 644
535 514077 664
536 514741 629
537 515370 642
538 516012 657
539 516669 653
540 517322 698
541 518020 679
542 518699 683
543 519382 652
544 520034 666
545 520700 688
546 521388 645
547 522033 659
548 522692 660
549 523352 638
550 523990 642
551 524632 698
552 525330 661
553 525991 692
554 526683 659
555 527342 674
556 528016 652
557 528668 632
558 529300 688
559 529988 659
560 530647 698
561 531345 688
562 532033 660
563 532693 691
564 533384 660
565 534044 668
566 534712 652
567 535364 688
568 536052 640
569 536692 648
570 537340 667
571 538007 670
572 538677 643
573 539320 641
574 539961 692
575 540653 669
576 541322 642
577 541964 640
578 542604 698
579 543302 632
580 543934 674
581 544608 711
582 545319 670
583 545989 638
584 546627 645
585 547272 640
586 547912 650
587 548562 628
588 549190 652
589 549842 635
590 550477 634
591 551111 661
592 551772 643
593 552415 687
594 553102 659
595 553761 697
596 554458 626
597 555084 669
598 555753 655
599 556408 2145
600 558553 1007
601 559560 5444
602 565004 1976
603 566980 1506
604 568486 1861
605 570347 1175
606 571522 1182
607 572704 6963
608 579667 3761
609 583428 1027
610 584455 2477
611 586932 2236
612 589168 3227
613 592395 2592
614 594987 29941
615 624928 1101
616 626029 1751
617 627780 5114
618 632894 1255
619 634149 1655
620 635804 1736
621 637540 2415
622 639955 1683
623 641638 1587
624 643225 2644
625 645869 3227
626 649096 4669
627 653765 1789
628 655554 960
629 656514 1499
630 658013 2059
631 660072 1533
632 661605 1805
633 663410 1293
634 664703 1912
635 666615 1628
636 668243 865
637 669108 2723
638 671831 1880
639 673711 6160
640 679871 2734
641 682605 1409
642 684014 1211
643 685225 2693
644 687918 1462
645 689380 2322
646 691702 1473
647 693175 1345
648 694520 2197
649 696717 1526
650 698243 1721
651 699964 5225
652 705189 2593
653 707782 5615
654 713397 1681
655 715078 1303
656 716381 2976
657 719357 1608
658 720965 2796
659 723761 1300
660 725061 867
661 725928 1614
662 727542 4002
663 731544 3243
664 734787 2992
665 737779 3364
666 741143 2719
667 743862 1414
668 745276 1377
669 746653 891
670 747544 2172
671 749716 1634
672 751350 1097
673 752447 3331
674 755778 3208
675 758986 3785
676 762771 1761
677 764532 4879
678 769411 3871
679 773282 1774
680 775056 1792
681 776848 976
682 777824 1277
683 779101 992
684 780093 1169
685 781262 5093
686 786355 2288
687 788643 1862
688 790505 1136
689 791641 1299
690 792940 1245
691 794185 4190
692 798375 1513
693 799888 2696
694 802584 2148
695 804732 1106
696 805838 1841
697 807679 5006
698 812685 2345
699 815030 424
700 815454 434
701 815888 450
702 816338 494
703 816832 464
704 817296 472
705 817768 496
706 818264 532
707 818796 480
708 819276 510
709 819786 486
710 820272 478
711 820750 494
712 821244 462
713 821706 530
714 822236 1306
715 823542 5528
716 829070 1251
717 830321 1967
718 832288 2675
719 834963 2431
720 837394 1227
721 838621 1150
722 839771 6831
723 846602 3180
724 849782 2607
725 852389 5255
726 857644 1928
727 859572 2583
728 862155 4788
729 866943 4741
730 871684 4500
731 876184 3101
732 879285 7708
733 886993 5826
734 892819 3542
735 896361 3357
736 899718 2379
737 902097 3508
738 905605 2188
739 907793 2053
740 909846 9202
741 919048 5423
742 924471 7539
743 932010 5455
744 937465 4873
745 942338 8281
746 950619 11966
747 962585 6346
748 968931 1447
749 970378 1872
750 972250 990
751 973240 5314
752 978554 2967
753 981521 685
754 982206 4205
755 986411 830
756 987241 3163
757 990404 748
758 991152 935
759 992087 4243
760 996330 3685
761 1000015 1290
762 1001305 1822
763 1003127 1163
764 1004290 1651
765 1005941 893
766 1006834 2513
767 1009347 4399
768 1013746 4697
769 1018443 1019
770 1019462 2257
771 1021719 971
772 1022690 1987
773 1024677 908
774 1025585 1208
775 1026793 1498
776 1028291 569
777 1028860 3980
778 1032840 1463
779 1034303 4826
780 1039129 2497
781 1041626 2081
782 1043707 2503
783 1046210 2254
784 1048464 3499
785 1051963 1687
786 1053650 1137
787 1054787 2621
788 1057408 2040
789 1059448 1910
790 1061358 4305
791 1065663 14611
792 1080274 2137
793 1082411 6600
794 1089011 13743
795 1102754 9074
796 1111828 3718
797 1115546 4619
798 1120165 3652
799 1123817 5684
800 1129501 1703
801 1131204 9108
802 1140312 3999
803 1144311 1904
804 1146215 9776
805 1155991 6499
806 1162490 2465
807 1164955 4541
808 1169496 7563
809 1177059 2098
810 1179157 3717
811 1182874 4325
812 1187199 1098
813 1188297 2226
814 1190523 3143
815 1193666 5176
816 1198842 5567
817 1204409 4701
818 1209110 5538
819 1214648 1880
820 1216528 3884
821 1220412 6082
822 1226494 2465
823 1228959 4437
824 1233396 974
825 1234370 791
826 1235161 4175
827 1239336 2672
828 1242008 2961
829 1244969 1255
830 1246224 1948
831 1248172 2321
832 1250493 2739
833 1253232 2307
834 1255539 1294
835 1256833 4702
836 1261535 4583
837 1266118 3580
838 1269698 3133
839 1272831 4107
840 1276938 4506
841 1281444 2776
842 1284220 3824
843 1288044 2311
844 1290355 1742
845 1292097 2300
846 1294397 20501
847 1314898 3313
848 1318211 4085
849 1322296 1920
850 1324216 8735
851 1332951 2679
852 1335630 5318
853 1340948 5350
854 1346298 3690
855 1349988 4171
856 1354159 5933
857 1360092 3030
858 1363122 5463
859 1368585 1739
860 1370324 2622
861 1372946 5033
862 1377979 4790
863 1382769 3313
864 1386082 5421
865 1391503 5492
866 1396995 4279
867 1401274 2539
868 1403813 4413
869 1408226 7401
870 1415627 4732
871 1420359 903
872 1421262 794
873 1422056 2235
874 1424291 1780
875 1426071 938
876 1427009 1840
877 1428849 12138
878 1440987 4436
879 1445423 1882
880 1447305 6889
881 1454194 9982
882 1464176 1117
883 1465293 9946
884 1475239 3381
885 1478620 1403
886 1480023 3517
887 1483540 5367
888 1488907 4667
889 1493574 5542
890 1499116 3457
891 1502573 1736
892 1504309 782
893 1505091 2580
894 1507671 3941
895 1511612 3529
896 1515141 5170
897 1520311 5257
898 1525568 1315
899 1526883 9374
900 1536257 3289
901 1539546 595
902 1540141 1548
903 1541689 3320
904 1545009 1882
905 1546891 3277
906 1550168 5113
907 1555281 2132
908 1557413 5832
909 1563245 2302
910 1565547 4217
911 1569764 4918
912 1574682 6365
913 1581047 3593
914 1584640 6870
915 1591510 10192
916 1601702 2188
917 1603890 3685
918 1607575 2346
919 1609921 3718
920 1613639 2957
921 1616596 3784
922 1620380 1632
923 1622012 10149
924 1632161 2154
925 1634315 4997
926 1639312 2430
927 1641742 1524
928 1643266 7968
929 1651234 6805
930 1658039 4463
931 1662502 9628
932 1672130 6423
933 1678553 5748
934 1684301 2888
935 1687189 5693
936 1692882 10461
937 1703343 4326
938 1707669 6176
939 1713845 4650
940 1718495 2287
941 1720782 3442
942 1724224 8917
943 1733141 1818
944 1734959 5753
945 1740712 4060
946 1744772 4065
947 1748837 2623
948 1751460 379
949 1751839 1868
950 1753707 7415
951 1761122 4461
952 1765583 2441
953 1768024 1755
954 1769779 3099
955 1772878 3538
956 1776416 2804
957 1779220 5251
958 1784471 1188
959 1785659 1174
960 1786833 3126
961 1789959 7633
962 1797592 7666
963 1805258 1201
964 1806459 6048
965 1812507 1704
966 1814211 2341
967 1816552 4850
968 1821402 1735
969 1823137 3369
970 1826506 1939
971 1828445 1183
972 1829628 2653
973 1832281 682
974 1832963 2812
975 1835775 5222
976 1840997 198
977 1841195 1668
978 1842863 2846
979 1845709 4174
980 1849883 1263
981 1851146 1123
982 1852269 1630
983 1853899 1194
984 1855093 1674
985 1856767 836
986 1857603 877
987 1858480 3839
988 1862319 842
989 1863161 3126
990 1866287 7857
991 1874144 2559
992 1876703 1518
993 1878221 3173
994 1881394 1170
995 1882564 2711
996 1885275 2363
997 1887638 1358
998 1888996 1041
999 1890037 3684
1000 1893721 3085
1001 1896806 1477
1002 1898283 8366
1003 1906649 1476
1004 1908125 2069
1005 1910194 969
1006 1911163 1679
1007 1912842 1638
1008 1914480 927
1009 1915407 2440
1010 1917847 9659
1011 1927506 3972
1012 1931478 5003
1013 1936481 6548
1014 1943029 4725
1015 1947754 4243
1016 1951997 3611
1017 1955608 3058
1018 1958666 4109
1019 1962775 8653
1020 1971428 4044
1021 1975472 7540
1022 1983012 38576
1023 2021588 5448
1024 2027036 17880
1025 2044916 5299
1026 2050215 2777
1027 2052992 10549
1028 2063541 3791
1029 2067332 4736
1030 2072068 5416
1031 2077484 4834
1032 2082318 5254
1033 2087572 6734
1034 2094306 6493
1035 2100799 4687
1036 2105486 4158
1037 2109644 8961
1038 2118605 8413
1039 2127018 5491
1040 2132509 4280
1041 2136789 7452
1042 2144241 7913
1043 2152154 5656
1044 2157810 5366
1045 2163176 4473
1046 2167649 4968
1047 2172617 4326
1048 2176943 4378
1049 2181321 5354
1050 2186675 1265
1051 2187940 4017
1052 2191957 19880
1053 2211837 3717
1054 2215554 6341
1055 2221895 4686
1056 2226581 2822
1057 2229403 3489
1058 2232892 3922
1059 2236814 3476
1060 2240290 4285
1061 2244575 11924
1062 2256499 4252
1063 2260751 8227
1064 2268978 7871
1065 2276849 8011
1066 2284860 7318
1067 2292178 1637
1068 2293815 5260
1069 2299075 16457
1070 2315532 4616
1071 2320148 9457
1072 2329605 5317
1073 2334922 4205
1074 2339127 4794
1075 2343921 4039
1076 2347960 10517
1077 2358477 5563
1078 2364040 4121
1079 2368161 3171
1080 2371332 3754
1081 2375086 3929
1082 2379015 3321
1083 2382336 3426
1084 2385762 18439
1085 2404201 4816
1086 2409017 5372
1087 2414389 3407
1088 2417796 11483
1089 2429279 7885
1090 2437164 19547
1091 2456711 5463
1092 2462174 1238
1093 2463412 2135
1094 2465547 2879
1095 2468426 3674
1096 2472100 19362
1097 2491462 19785
1098 2511247 4360
1099 2515607 4306
1100 2519913 3530
1101 2523443 12573
1102 2536016 6793
1103 2542809 25795
1104 2568604 11236
1105 2579840 7103
1106 2586943 1559
1107 2588502 5956
1108 2594458 6360
1109 2600818 23599
1110 2624417 1575
1111 2625992 2818
1112 2628810 5675
1113 2634485 2559
1114 2637044 8589
1115 2645633 7412
1116 2653045 2426
1117 2655471 1470
1118 2656941 1650
1119 2658591 2683
1120 2661274 2591
1121 2663865 2262
1122 2666127 3073
1123 2669200 2079
1124 2671279 2997
1125 2674276 6965
1126 2681241 6371
1127 2687612 6903
1128 2694515 6782
1129 2701297 3954
1130 2705251 8135
1131 2713386 7796
1132 2721182 3126
1133 2724308 1809
1134 2726117 2993
1135 2729110 1625
1136 2730735 3035
1137 2733770 3446
1138 2737216 1870
1139 2739086 1537
1140 2740623 4781
1141 2745404 1754
1142 2747158 1528
1143 2748686 2474
1144 2751160 3625
1145 2754785 2073
1146 2756858 1468
1147 2758326 2821
1148 2761147 7827
1149 2768974 3342
1150 2772316 3635
1151 2775951 8884
1152 2784835 3743
1153 2788578 2834
1154 2791412 2211
1155 2793623 3577
1156 2797200 3504
1157 2800704 2080
1158 2802784 1609
1159 2804393 1803
1160 2806196 6369
1161 2812565 3208
1162 2815773 2244
1163 2818017 1869
1164 2819886 3431
1165 2823317 5513
1166 2828830 2014
1167 2830844 4159
1168 2835003 2723
1169 2837726 3766
1170 2841492 1755
1171 2843247 1546
1172 2844793 1555
1173 2846348 1627
1174 2847975 3657
1175 2851632 2742
1176 2854374 3969
1177 2858343 2388
1178 2860731 2402
1179 2863133 2596
1180 2865729 2379
1181 2868108 2541
1182 2870649 23260
1183 2893909 3221
1184 2897130 3623
1185 2900753 6325
1186 2907078 3094
1187 2910172 3302
1188 2913474 3415
1189 2916889 5242
1190 2922131 1617
1191 2923748 2594
1192 2926342 3424
1193 2929766 2455
1194 2932221 1083
1195 2933304 2366
1196 2935670 5086
1197 2940756 4230
1198 2944986 3021
1199 2948007 3780
1200 2951787 2642
1201 2954429 5423
1202 2959852 2530
1203 2962382 3792
1204 2966174 1102
1205 2967276 5317
1206 2972593 1445
1207 2974038 1217
1208 2975255 2047
1209 2977302 7446
1210 2984748 3332
1211 2988080 2540
1212 2990620 2006
1213 2992626 3126
1214 2995752 6329
1215 3002081 993
1216 3003074 6650
1217 3009724 947
1218 3010671 1157
1219 3011828 798
1220 3012626 6322
1221 3018948 2854
1222 3021802 5088
1223 3026890 9079
1224 3035969 7364
1225 3043333 1841
1226 3045174 5500
1227 3050674 3610
1228 3054284 1519
1229 3055803 651
1230 3056454 3294
1231 3059748 9180
1232 3068928 2889
1233 3071817 2227
1234 3074044 5724
1235 3079768 1310
1236 3081078 4422
1237 3085500 702
1238 3086202 2563
1239 3088765 1548
1240 3090313 1145
1241 3091458 2527
1242 3093985 4371
1243 3098356 2830
1244 3101186 5441
1245 3106627 5875
1246 3112502 4474
1247 3116976 2771
1248 3119747 2077
1249 3121824 1079
1250 3122903 817
1251 3123720 2648
1252 3126368 5792
1253 3132160 957
1254 3133117 1817
1255 3134934 1744
1256 3136678 7482
1257 3144160 1216
1258 3145376 2236
1259 3147612 2441
1260 3150053 1403
1261 3151456 592
1262 3152048 5013
1263 3157061 6131
1264 3163192 11633
1265 3174825 1227
1266 3176052 2352
1267 3178404 1039
1268 3179443 1274
1269 3180717 2192
1270 3182909 2830
1271 3185739 5196
1272 3190935 2450
1273 3193385 3032
1274 3196417 20089
1275 3216506 2858
1276 3219364 1622
1277 3220986 2256
1278 3223242 1773
1279 3225015 1470
1280 3226485 7360
1281 3233845 4612
1282 3238457 12600
1283 3251057 2422
1284 3253479 1832
1285 3255311 1455
1286 3256766 3118
1287 3259884 1388
1288 3261272 3890
1289 3265162 1113
1290 3266275 1140
1291 3267415 1346
1292 3268761 2395
1293 3271156 1969
1294 3273125 2370
1295 3275495 3475
1296 3278970 209
1297 3279179 980
1298 3280159 7329
1299 3287488 5219
1300 3292707 6579
1301 3299286 4443
1302 3303729 3708
1303 3307437 2759
1304 3310196 30932
1305 3341128 3971
1306 3345099 5296
1307 3350395 2854
1308 3353249 1974
1309 3355223 4752
1310 3359975 1235
1311 3361210 2571
1312 3363781 8083
1313 3371864 11547
1314 3383411 2045
1315 3385456 3605
1316 3389061 5167
1317 3394228 5332
1318 3399560 5160
1319 3404720 6338
1320 3411058 1031
1321 3412089 7196
1322 3419285 2941
1323 3422226 9533
1324 3431759 4217
1325 3435976 6422
1326 3442398 2883
1327 3445281 1592
1328 3446873 2919
1329 3449792 3399
1330 3453191 1770
1331 3454961 5552
1332 3460513 9070
1333 3469583 185
1334 3469768 2291
1335 3472059 8418
1336 3480477 6796
1337 3487273 6458
1338 3493731 3687
1339 3497418 3380
1340 3500798 2886
1341 3503684 3412
1342 3507096 468
1343 3507564 2166
1344 3509730 3924
1345 3513654 3613
1346 3517267 2908
1347 3520175 3577
1348 3523752 2694
1349 3526446 6559
1350 3533005 9420
1351 3542425 8437
1352 3550862 10524
1353 3561386 9691
1354 3571077 10273
1355 3581350 7955
1356 3589305 5471
1357 3594776 6241
1358 3601017 7490
1359 3608507 3548
1360 3612055 3987
1361 3616042 2368
1362 3618410 1555
1363 3619965 1660
1364 3621625 3149
1365 3624774 3511
1366 3628285 7597
1367 3635882 6339
1368 3642221 5934
1369 3648155 3570
1370 3651725 4591
1371 3656316 3481
1372 3659797 11601
1373 3671398 5149
1374 3676547 6638
1375 3683185 4803
1376 3687988 956
1377 3688944 4164
1378 3693108 3655
1379 3696763 3440
1380 3700203 4309
1381 3704512 4902
1382 3709414 4555
1383 3713969 7983
1384 3721952 2243
1385 3724195 5535
1386 3729730 4375
1387 3734105 6529
1388 3740634 4787
1389 3745421 2165
1390 3747586 2141
1391 3749727 1491
1392 3751218 3311
1393 3754529 4593
1394 3759122 4132
1395 3763254 6233
1396 3769487 8575
1397 3778062 1851
1398 3779913 5778
1399 3785691 7272
1400 3792963 1283
1401 3794246 3418
1402 3797664 4105
1403 3801769 1624
1404 3803393 7292
1405 3810685 2752
1406 3813437 10137
1407 3823574 4290
1408 3827864 5802
1409 3833666 812
1410 3834478 3754
1411 3838232 1973
1412 3840205 1040
1413 3841245 1096
1414 3842341 6700
1415 3849041 2171
1416 3851212 1942
1417 3853154 6700
1418 3859854 6217
1419 3866071 3638
1420 3869709 641
1421 3870350 1847
1422 3872197 3091
1423 3875288 1268
1424 3876556 2311
1425 3878867 1123
1426 3879990 3490
1427 3883480 4122
1428 3887602 4338
1429 3891940 6298
1430 3898238 3765
1431 3902003 722
1432 3902725 4287
1433 3907012 4091
1434 3911103 547
1435 3911650 1009
1436 3912659 1594
1437 3914253 3665
1438 3917918 3599
1439 3921517 4814
1440 3926331 2708
1441 3929039 2089
1442 3931128 3141
1443 3934269 812
1444 3935081 7192
1445 3942273 957
1446 3943230 3158
1447 3946388 2395
1448 3948783 2684
1449 3951467 3416
1450 3954883 2560
1451 3957443 4081
1452 3961524 2052
1453 3963576 1872
1454 3965448 4446
1455 3969894 1433
1456 3971327 4435
1457 3975762 3892
1458 3979654 5691
1459 3985345 6675
1460 3992020 4541
1461 3996561 1811
1462 3998372 1280
1463 3999652 2859
1464 4002511 6454
1465 4008965 2549
1466 4011514 3458
1467 4014972 2723
1468 4017695 2287
1469 4019982 10510
1470 4030492 774
1471 4031266 9126
1472 4040392 6824
1473 4047216 2215
1474 4049431 2531
1475 4051962 2401
1476 4054363 2380
1477 4056743 1357
1478 4058100 1146
1479 4059246 2956
1480 4062202 10182
1481 4072384 1287
1482 4073671 3979
1483 4077650 1135
1484 4078785 467
1485 4079252 10806
1486 4090058 1846
1487 4091904 3374
1488 4095278 3353
1489 4098631 3593
1490 4102224 9703
1491 4111927 2195
1492 4114122 1122
1493 4115244 791
1494 4116035 1065
1495 4117100 1843
1496 4118943 8532
1497 4127475 3466
1498 4130941 6356
1499 4137297 4825
1500 4142122 5621
1501 4147743 1717
1502 4149460 5371
1503 4154831 1702
1504 4156533 1721
1505 4158254 6813
1506 4165067 2795
1507 4167862 1507
1508 4169369 2077
1509 4171446 2591
1510 4174037 2588
1511 4176625 3791
1512 4180416 617
1513 4181033 651
1514 4181684 624
1515 4182308 669
1516 4182977 651
1517 4183628 627
1518 4184255 597
1519 4184852 620
1520 4185472 683
1521 4186155 654
1522 4186809 664
1523 4187473 634
1524 4188107 629
1525 4188736 632
1526 4189368 632
1527 4190000 632
1528 4190632 629
1529 4191261 623
1530 4191884 634
1531 4192518 638
1532 4193156 650
1533 4193806 633
1534 4194439 620
1535 4195059 626
1536 4195685 679
1537 4196364 622
1538 4196986 365
1539 4197351 667
1540 4198018 652
1541 4198670 568
1542 4199238 635
1543 4199873 678
1544 4200551 631
1545 4201182 663
1546 4201845 648
1547 4202493 636
1548 4203129 656
1549 4203785 649
1550 4204434 659
1551 4205093 653
1552 4205746 632
1553 4206378 630
1554 4207008 617
1555 4207625 651
1556 4208276 624
1557 4208900 672
1558 4209572 629
1559 4210201 625
1560 4210826 550
1561 4211376 620
1562 4211996 650
1563 4212646 635
1564 4213281 620
1565 4213901 621
1566 4214522 668
1567 4215190 620
1568 4215810 626
1569 4216436 654
1570 4217090 624
1571 4217714 667
1572 4218381 663
1573 4219044 630
1574 4219674 550
1575 4220224 620
1576 4220844 289
1577 4221133 306
1578 4221439 650
1579 4222089 633
1580 4222722 283
1581 4223005 305
1582 4223310 661
1583 4223971 620
1584 4224591 628
1585 4225219 655
1586 4225874 677
1587 4226551 629
1588 4227180 635
1589 4227815 630
1590 4228445 634
1591 4229079 550
1592 4229629 654
1593 4230283 653
1594 4230936 632
1595 4231568 654
1596 4232222 650
1597 4232872 628
1598 4233500 625
1599 4234125 654
1600 4234779 641
1601 4235420 674
1602 4236094 654
1603 4236748 664
1604 4237412 641
1605 4238053 668
1606 4238721 656
1607 4239377 654
1608 4240031 656
1609 4240687 650
1610 4241337 630
1611 4241967 627
1612 4242594 616
1613 4243210 620
1614 4243830 623
1615 4244453 631
1616 4245084 639
1617 4245723 631
1618 4246354 654
1619 4247008 596
1620 4247604 652
1621 4248256 637
1622 4248893 619
1623 4249512 633
1624 4250145 654
1625 4250799 631
1626 4251430 633
1627 4252063 630
1628 4252693 630
1629 4253323 661
1630 4253984 639
1631 4254623 654
1632 4255277 662
1633 4255939 662
1634 4256601 620
1635 4257221 613
1636 4257834 624
1637 4258458 631
1638 4259089 639
1639 4259728 632
1640 4260360 635
1641 4260995 596
1642 4261591 654
1643 4262245 623
1644 4262868 634
1645 4263502 620
1646 4264122 654
1647 4264776 627
1648 4265403 637
1649 4266040 654
1650 4266694 614
1651 4267308 624
1652 4267932 632
1653 4268564 641
1654 4269205 633
1655 4269838 630
1656 4270468 598
1657 4271066 652
1658 4271718 636
1659 4272354 618
1660 4272972 654
1661 4273626 628
1662 4274254 637
1663 4274891 702
1664 4275593 639
1665 4276232 653
1666 4276885 615
1667 4277500 595
1668 4278095 631
1669 4278726 631
1670 4279357 617
1671 4279974 625
1672 4280599 632
1673 4281231 639
1674 4281870 632
1675 4282502 628
1676 4283130 635
1677 4283765 620
1678 4284385 653
1679 4285038 653
1680 4285691 625
1681 4286316 625
1682 4286941 641
1683 4287582 653
1684 4288235 615
1685 4288850 628
1686 4289478 632
1687 4290110 641
1688 4290751 632
1689 4291383 629
1690 4292012 595
1691 4292607 653
1692 4293260 635
1693 4293895 616
1694 4294511 653
1695 4295164 624
1696 4295788 633
1697 4296421 641
1698 4297062 653
1699 4297715 623
1700 4298338 615
1701 4298953 626
1702 4299579 632
1703 4300211 643
1704 4300854 633
1705 4301487 630
1706 4302117 653
1707 4302770 595
1708 4303365 687
1709 4304052 634
1710 4304686 620
1711 4305306 653
1712 4305959 676
1713 4306635 668
1714 4307303 625
1715 4307928 641
1716 4308569 652
1717 4309221 669
1718 4309890 644
1719 4310534 661
1720 4311195 656
1721 4311851 660
1722 4312511 648
1723 4313159 663
1724 4313822 657
1725 4314479 661
1726 4315140 659
1727 4315799 635
1728 4316434 631
1729 4317065 628
1730 4317693 617
1731 4318310 626
1732 4318936 627
1733 4319563 642
1734 4320205 632
1735 4320837 661
1736 4321498 595
1737 4322093 621
1738 4322714 653
1739 4323367 642
1740 4324009 635
1741 4324644 619
1742 4325263 656
1743 4325919 653
1744 4326572 622
1745 4327194 641
1746 4327835 653
1747 4328488 613
1748 4329101 625
1749 4329726 632
1750 4330358 645
1751 4331003 634
1752 4331637 636
1753 4332273 597
1754 4332870 653
1755 4333523 634
1756 4334157 618
1757 4334775 653
1758 4335428 621
1759 4336049 640
1760 4336689 653
1761 4337342 611
1762 4337953 596
1763 4338549 635
1764 4339184 634
1765 4339818 633
1766 4340451 615
1767 4341066 627
1768 4341693 632
1769 4342325 642
1770 4342967 632
1771 4343599 661
1772 4344260 654
1773 4344914 635
1774 4345549 618
1775 4346167 654
1776 4346821 684
1777 4347505 608
1778 4348113 633
1779 4348746 671
1780 4349417 627
1781 4350044 642
1782 4350686 654
1783 4351340 658
1784 4351998 655
1785 4352653 687
1786 4353340 667
1787 4354007 644
1788 4354651 646
1789 4355297 646
1790 4355943 658
1791 4356601 657
1792 4357258 686
1793 4357944 622
1794 4358566 628
1795 4359194 632
1796 4359826 614
1797 4360440 626
1798 4361066 632
1799 4361698 642
1800 4362340 630
1801 4362970 686
1802 4363656 597
1803 4364253 654
1804 4364907 636
1805 4365543 617
1806 4366160 654
1807 4366814 630
1808 4367444 638
1809 4368082 654
1810 4368736 650
1811 4369386 613
1812 4369999 627
1813 4370626 627
1814 4371253 639
1815 4371892 636
1816 4372528 648
1817 4373176 596
1818 4373772 654
1819 4374426 644
1820 4375070 634
1821 4375704 616
1822 4376320 654
1823 4376974 638
1824 4377612 655
1825 4378267 654
1826 4378921 597
1827 4379518 656
1828 4380174 654
1829 4380828 639
1830 4381467 616
1831 4382083 654
1832 4382737 634
1833 4383371 619
1834 4383990 621
1835 4384611 654
1836 4385265 632
1837 4385897 691
1838 4386588 636
1839 4387224 652
1840 4387876 666
1841 4388542 652
1842 4389194 635
1843 4389829 654
1844 4390483 658
1845 4391141 643
1846 4391784 656
1847 4392440 653
1848 4393093 2686
1849 4395779 2754
1850 4398533 1926
1851 4400459 1401
1852 4401860 7171
1853 4409031 1563
1854 4410594 1049
1855 4411643 1049
1856 4412692 1041
1857 4413733 1049
1858 4414782 1049
1859 4415831 1049
1860 4416880 1049
1861 4417929 1049
1862 4418978 1049
1863 4420027 797
1864 4420824 1129
1865 4421953 8089
1866 4430042 5555
1867 4435597 1329
1868 4436926 2013
1869 4438939 4764
1870 4443703 6794
1871 4450497 8195
1872 4458692 3715
1873 4462407 5499
1874 4467906 1253
1875 4469159 8865
1876 4478024 6025
1877 4484049 2069
1878 4486118 4464
1879 4490582 1951
1880 4492533 9313
1881 4501846 2409
1882 4504255 1277
1883 4505532 2930
1884 4508462 2164
1885 4510626 3021
1886 4513647 947
1887 4514594 3777
1888 4518371 2603
1889 4520974 1521
1890 4522495 3416
1891 4525911 1663
1892 4527574 6381
1893 4533955 2475
1894 4536430 2162
1895 4538592 5081
1896 4543673 8577
1897 4552250 5199
1898 4557449 1097
1899 4558546 1309
1900 4559855 1472
1901 4561327 2475
1902 4563802 2371
1903 4566173 1829
1904 4568002 3512
1905 4571514 2429
1906 4573943 3936
1907 4577879 3764
1908 4581643 446
1909 4582089 13396
1910 4595485 9613
1911 4605098 2471
1912 4607569 2093
1913 4609662 2441
1914 4612103 2665
1915 4614768 6392
1916 4621160 8007
1917 4629167 5239
1918 4634406 5957
1919 4640363 4569
1920 4644932 2505
1921 4647437 2493
1922 4649930 7424
1923 4657354 8521
1924 4665875 5415
1925 4671290 653
1926 4671943 2804
1927 4674747 3255
1928 4678002 1144
1929 4679146 1787
1930 4680933 1930
1931 4682863 533
1932 4683396 487
1933 4683883 610
1934 4684493 2582
1935 4687075 2524
1936 4689599 1927
1937 4691526 5779
1938 4697305 2042
1939 4699347 3830
1940 4703177 8143
1941 4711320 4197
1942 4715517 2393
1943 4717910 1583
1944 4719493 3018
1945 4722511 1785
1946 4724296 8316
1947 4732612 1705
1948 4734317 2702
1949 4737019 734
1950 4737753 5959
1951 4743712 3335
1952 4747047 8952
1953 4755999 4024
1954 4760023 2050
1955 4762073 3431
1956 4765504 7597
1957 4773101 2641
1958 4775742 2738
1959 4778480 9669
1960 4788149 19346
1961 4807495 3117
1962 4810612 2754
1963 4813366 5377
1964 4818743 2262
1965 4821005 4268
1966 4825273 6597
1967 4831870 971
1968 4832841 4890
1969 4837731 8289
1970 4846020 5356
1971 4851376 6687
1972 4858063 931
1973 4858994 3796
1974 4862790 2960
1975 4865750 3595
1976 4869345 2551
1977 4871896 3711
1978 4875607 4697
1979 4880304 9641
1980 4889945 9648
1981 4899593 11540
1982 4911133 2164
1983 4913297 4807
1984 4918104 3029
1985 4921133 1659
1986 4922792 5797
1987 4928589 2042
1988 4930631 1934
1989 4932565 8298
1990 4940863 8806
1991 4949669 2769
1992 4952438 4504
1993 4956942 3159
1994 4960101 1955
1995 4962056 10660
1996 4972716 6293
1997 4979009 4894
1998 4983903 5317
1999 4989220 1331
2000 4990551 1867
2001 4992418 3616
2002 4996034 207
2003 4996241 3715
2004 4999956 2544
2005 5002500 7699
2006 5010199 7016
2007 5017215 6499
2008 5023714 8813
2009 5032527 3164
2010 5035691 2824
2011 5038515 1857
2012 5040372 7074
2013 5047446 3425
2014 5050871 2664
2015 5053535 1176
2016 5054711 11650
2017 5066361 10854
2018 5077215 9915
2019 5087130 6950
2020 5094080 8950
2021 5103030 2306
2022 5105336 533
2023 5105869 2788
2024 5108657 636
2025 5109293 6386
2026 5115679 4313
2027 5119992 2335
2028 5122327 9206
2029 5131533 6534
2030 5138067 1575
2031 5139642 7427
2032 5147069 2746
2033 5149815 7697
2034 5157512 4488
2035 5162000 2953
2036 5164953 6323
2037 5171276 9267
2038 5180543 2881
2039 5183424 4399
2040 5187823 3911
2041 5191734 1729
2042 5193463 6531
2043 5199994 5488
2044 5205482 5247
2045 5210729 8043
2046 5218772 1851
2047 5220623 2833
2048 5223456 7407
2049 5230863 1300
2050 5232163 1078
2051 5233241 9080
2052 5242321 11269
2053 5253590 9254
2054 5262844 16009
2055 5278853 8756
2056 5287609 8448
2057 5296057 7383
2058 5303440 11294
2059 5314734 19507
2060 5334241 13557
2061 5347798 5485
2062 5353283 493
2063 5353776 833
2064 5354609 3197
2065 5357806 7343
2066 5365149 540
2067 5365689 1538
2068 5367227 3460
2069 5370687 2104
2070 5372791 9170
2071 5381961 8024
2072 5389985 8567
2073 5398552 4692
2074 5403244 2690
2075 5405934 4084
2076 5410018 5081
2077 5415099 7153
2078 5422252 3408
2079 5425660 2835
2080 5428495 680
2081 5429175 1053
2082 5430228 1641
2083 5431869 6679
2084 5438548 1349
2085 5439897 11452
2086 5451349 6349
2087 5457698 4440
2088 5462138 25807
2089 5487945 3751
2090 5491696 5144
2091 5496840 8407
2092 5505247 9774
2093 5515021 4634
2094 5519655 6374
2095 5526029 9600
2096 5535629 12848
2097 5548477 4693
2098 5553170 10961
2099 5564131 6275
2100 5570406 5112
2101 5575518 1758
2102 5577276 3817
2103 5581093 4768
2104 5585861 3711
2105 5589572 10719
2106 5600291 9917
2107 5610208 6851
2108 5617059 6112
2109 5623171 6590
2110 5629761 5808
2111 5635569 4101
2112 5639670 3910
2113 5643580 3506
2114 5647086 3845
2115 5650931 3335
2116 5654266 12279
2117 5666545 12846
2118 5679391 4232
2119 5683623 2864
2120 5686487 5575
2121 5692062 15921
2122 5707983 4296
2123 5712279 720
2124 5712999 1205
2125 5714204 4413
2126 5718617 4387
2127 5723004 2092
2128 5725096 13041
2129 5738137 6710
2130 5744847 8837
2131 5753684 7750
2132 5761434 10701
2133 5772135 217
2134 5772352 7008
2135 5779360 8951
2136 5788311 2345
2137 5790656 8167
2138 5798823 8299
2139 5807122 3900
2140 5811022 5760
2141 5816782 10271
2142 5827053 2550
2143 5829603 13747
2144 5843350 4690
2145 5848040 532
2146 5848572 1536
2147 5850108 3091
2148 5853199 9664
2149 5862863 2031
2150 5864894 1865
2151 5866759 2657
2152 5869416 3199
2153 5872615 9550
2154 5882165 3474
2155 5885639 8390
2156 5894029 2149
2157 5896178 1738
2158 5897916 1077
2159 5898993 1490
2160 5900483 1067
2161 5901550 1380
2162 5902930 5372
2163 5908302 5004
2164 5913306 2163
2165 5915469 1750
2166 5917219 4028
2167 5921247 2331
2168 5923578 2268
2169 5925846 7682
2170 5933528 1327
2171 5934855 1486
2172 5936341 4291
2173 5940632 1275
2174 5941907 1243
2175 5943150 1420
2176 5944570 1697
2177 5946267 5195
2178 5951462 2534
2179 5953996 1384
2180 5955380 3087
2181 5958467 10942
2182 5969409 3840
2183 5973249 9587
2184 5982836 3796
2185 5986632 1577
2186 5988209 2124
2187 5990333 7043
2188 5997376 1875
2189 5999251 7373
2190 6006624 3397
2191 6010021 1930
2192 6011951 12898
2193 6024849 5262
2194 6030111 4687
2195 6034798 1386
2196 6036184 2484
2197 6038668 2331
2198 6040999 2163
2199 6043162 3616
2200 6046778 1390
2201 6048168 11055
2202 6059223 1179
2203 6060402 681
2204 6061083 4769
2205 6065852 2050
2206 6067902 1304
2207 6069206 911
2208 6070117 7422
2209 6077539 3125
2210 6080664 1904
2211 6082568 2887
2212 6085455 980
2213 6086435 1330
2214 6087765 1365
2215 6089130 537
2216 6089667 3875
2217 6093542 4630
2218 6098172 4967
2219 6103139 3254
2220 6106393 2220
2221 6108613 869
2222 6109482 795
2223 6110277 1254
2224 6111531 5694
2225 6117225 1600
2226 6118825 777
2227 6119602 1694
2228 6121296 12988
2229 6134284 563
2230 6134847 1851
2231 6136698 2481
2232 6139179 2332
2233 6141511 2697
2234 6144208 1659
2235 6145867 631
2236 6146498 2170
2237 6148668 2206
2238 6150874 2210
2239 6153084 2333
2240 6155417 2145
2241 6157562 491
2242 6158053 2438
2243 6160491 1243
2244 6161734 3111
2245 6164845 1569
2246 6166414 610
2247 6167024 1054
2248 6168078 1978
2249 6170056 3143
2250 6173199 2460
2251 6175659 7796
2252 6183455 2673
2253 6186128 2024
2254 6188152 6227
2255 6194379 4255
2256 6198634 4375
2257 6203009 3844
2258 6206853 6897
2259 6213750 3614
2260 6217364 3294
2261 6220658 4634
2262 6225292 5276
2263 6230568 4453
2264 6235021 3429
2265 6238450 4131
2266 6242581 1149
2267 6243730 7957
2268 6251687 4581
2269 6256268 4399
2270 6260667 4384
2271 6265051 4096
2272 6269147 5574
2273 6274721 7808
2274 6282529 2356
2275 6284885 2137
2276 6287022 2960
2277 6289982 2954
2278 6292936 4624
2279 6297560 5439
2280 6302999 3178
2281 6306177 4098
2282 6310275 5470
2283 6315745 4692
2284 6320437 5128
2285 6325565 2500
2286 6328065 2738
2287 6330803 2978
2288 6333781 8272
2289 6342053 1238
2290 6343291 780
2291 6344071 213
2292 6344284 4158
2293 6348442 3354
2294 6351796 1554
2295 6353350 9959
2296 6363309 3078
2297 6366387 8765
2298 6375152 3973
2299 6379125 5255
2300 6384380 4942
2301 6389322 8594
2302 6397916 4807
2303 6402723 3930
2304 6406653 531
2305 6407184 4696
2306 6411880 4404
2307 6416284 3824
2308 6420108 5835
2309 6425943 7227
2310 6433170 6479
2311 6439649 2583
2312 6442232 3370
2313 6445602 977
2314 6446579 22921
2315 6469500 18591
2316 6488091 2593
2317 6490684 8487
2318 6499171 1656
2319 6500827 2404
2320 6503231 7146
2321 6510377 3349
2322 6513726 11024
2323 6524750 2885
2324 6527635 3521
2325 6531156 3232
2326 6534388 4846
2327 6539234 7275
2328 6546509 6913
2329 6553422 6202
2330 6559624 1084
2331 6560708 2795
2332 6563503 3456
2333 6566959 1056
2334 6568015 2447
2335 6570462 1563
2336 6572025 6354
2337 6578379 13635
2338 6592014 2107
2339 6594121 12963
2340 6607084 6480
2341 6613564 2888
2342 6616452 5042
2343 6621494 1973
2344 6623467 9055
2345 6632522 6574
2346 6639096 2490
2347 6641586 6456
2348 6648042 6719
2349 6654761 8225
2350 6662986 3721
2351 6666707 5026
2352 6671733 3506
2353 6675239 1894
2354 6677133 997
2355 6678130 1416
2356 6679546 1175
2357 6680721 2104
2358 6682825 1304
2359 6684129 1743
2360 6685872 1813
2361 6687685 2187
2362 6689872 1809
2363 6691681 7672
2364 6699353 18360
2365 6717713 3884
2366 6721597 4416
2367 6726013 3351
2368 6729364 3554
2369 6732918 10518
2370 6743436 4070
2371 6747506 1224
2372 6748730 899
2373 6749629 1511
2374 6751140 972
2375 6752112 1980
2376 6754092 4469
2377 6758561 1637
2378 6760198 6249
2379 6766447 7705
2380 6774152 2000
2381 6776152 4010
2382 6780162 2680
2383 6782842 4778
2384 6787620 8855
2385 6796475 4984
2386 6801459 7982
2387 6809441 4792
2388 6814233 10046
2389 6824279 2219
2390 6826498 1624
2391 6828122 2108
2392 6830230 1883
2393 6832113 2444
2394 6834557 2902
2395 6837459 2590
2396 6840049 13309
2397 6853358 2497
2398 6855855 2268
2399 6858123 2522
2400 6860645 3094
2401 6863739 1595
2402 6865334 10168
2403 6875502 9660
2404 6885162 4728
2405 6889890 7008
2406 6896898 3668
2407 6900566 3435
2408 6904001 2855
2409 6906856 5886
2410 6912742 3092
2411 6915834 5867
2412 6921701 4781
2413 6926482 13743
2414 6940225 3839
2415 6944064 2978
2416 6947042 1632
2417 6948674 8117
2418 6956791 5700
2419 6962491 12511
2420 6975002 3824
2421 6978826 2213
2422 6981039 5476
2423 6986515 5858
2424 6992373 7936
2425 7000309 10151
2426 7010460 3611
2427 7014071 3397
2428 7017468 2193
2429 7019661 393
2430 7020054 3792
2431 7023846 2039
2432 7025885 1492
2433 7027377 7387
2434 7034764 1029
2435 7035793 953
2436 7036746 1686
2437 7038432 3287
2438 7041719 1834
2439 7043553 4070
2440 7047623 2179
2441 7049802 4036
2442 7053838 1406
2443 7055244 4929
2444 7060173 2611
2445 7062784 1762
2446 7064546 1985
2447 7066531 1494
2448 7068025 5115
2449 7073140 9679
2450 7082819 1661
2451 7084480 629
2452 7085109 614
2453 7085723 2929
2454 7088652 1879
2455 7090531 2320
2456 7092851 3085
2457 7095936 2901
2458 7098837 2964
2459 7101801 3016
2460 7104817 2446
2461 7107263 2477
2462 7109740 2546
2463 7112286 862
2464 7113148 1604
2465 7114752 5838
2466 7120590 2586
2467 7123176 1296
2468 7124472 2053
2469 7126525 1588
2470 7128113 2906
2471 7131019 5811
2472 7136830 1203
2473 7138033 2830
2474 7140863 1852
2475 7142715 1245
2476 7143960 1129
2477 7145089 1786
2478 7146875 6000
2479 7152875 1810
2480 7154685 3448
2481 7158133 1603
2482 7159736 621
2483 7160357 2712
2484 7163069 907
2485 7163976 5769
2486 7169745 5219
2487 7174964 1621
2488 7176585 772
2489 7177357 801
2490 7178158 2493
2491 7180651 5808
2492 7186459 3635
2493 7190094 3611
2494 7193705 3569
2495 7197274 3664
2496 7200938 3718
2497 7204656 3746
2498 7208402 3950
2499 7212352 3767
2500 7216119 3692
2501 7219811 3716
2502 7223527 3734
2503 7227261 3653
2504 7230914 3692
2505 7234606 3710
2506 7238316 3706
2507 7242022 3753
2508 7245775 3592
2509 7249367 637
2510 7250004 5828
2511 7255832 581
2512 7256413 2813
2513 7259226 2876
2514 7262102 1101
2515 7263203 1284
2516 7264487 7589
2517 7272076 1493
2518 7273569 2305
2519 7275874 2105
2520 7277979 1466
2521 7279445 992
2522 7280437 1711
2523 7282148 2631
2524 7284779 1918
2525 7286697 17049
2526 7303746 1555
2527 7305301 4856
2528 7310157 2117
2529 7312274 2828
2530 7315102 6288
2531 7321390 542
2532 7321932 4042
2533 7325974 2050
2534 7328024 1221
2535 7329245 4667
2536 7333912 862
2537 7334774 2126
2538 7336900 1904
2539 7338804 4191
2540 7342995 4704
2541 7347699 9246
2542 7356945 4139
2543 7361084 2715
2544 7363799 853
2545 7364652 818
2546 7365470 917
2547 7366387 1061
2548 7367448 3692
2549 7371140 2011
2550 7373151 3227
2551 7376378 2872
2552 7379250 7588
2553 7386838 421
2554 7387259 523
2555 7387782 11271
2556 7399053 4502
2557 7403555 3687
2558 7407242 9037
2559 7416279 3418
2560 7419697 2062
2561 7421759 2012
2562 7423771 7142
2563 7430913 6475
2564 7437388 3701
2565 7441089 2257
2566 7443346 14980
2567 7458326 6425
2568 7464751 1339
2569 7466090 1986
2570 7468076 2948
2571 7471024 2595
2572 7473619 2147
2573 7475766 1599
2574 7477365 751
2575 7478116 1401
2576 7479517 745
2577 7480262 397
2578 7480659 3998
2579 7484657 3935
2580 7488592 3073
2581 7491665 4175
2582 7495840 7618
2583 7503458 5448
2584 7508906 1366
2585 7510272 5337
2586 7515609 1183
2587 7516792 939
2588 7517731 1869
2589 7519600 2430
2590 7522030 5507
2591 7527537 2521
2592 7530058 8111
2593 7538169 2481
2594 7540650 926
2595 7541576 857
2596 7542433 1653
2597 7544086 2249
2598 7546335 7297
2599 7553632 1651
2600 7555283 4779
2601 7560062 2467
2602 7562529 3648
2603 7566177 2703
2604 7568880 6979
2605 7575859 2314
2606 7578173 3033
2607 7581206 4615
2608 7585821 2533
2609 7588354 2895
2610 7591249 1916
2611 7593165 1285
2612 7594450 4748
2613 7599198 1645
2614 7600843 1014
2615 7601857 1613
2616 7603470 1811
2617 7605281 4620
2618 7609901 1684
2619 7611585 2696
2620 7614281 9360
2621 7623641 1888
2622 7625529 2645
2623 7628174 9101
2624 7637275 3562
2625 7640837 6169
2626 7647006 3380
2627 7650386 2967
2628 7653353 7893
2629 7661246 1745
2630 7662991 2212
2631 7665203 1658
2632 7666861 974
2633 7667835 2399
2634 7670234 1690
2635 7671924 1792
2636 7673716 15090
2637 7688806 7398
2638 7696204 3154
2639 7699358 1686
2640 7701044 1422
2641 7702466 7699
2642 7710165 2003
2643 7712168 2125
2644 7714293 1795
2645 7716088 1697
2646 7717785 2088
2647 7719873 1168
2648 7721041 1600
2649 7722641 3088
2650 7725729 1189
2651 7726918 594
2652 7727512 1580
2653 7729092 1651
2654 7730743 1577
2655 7732320 8831
2656 7741151 7794
2657 7748945 4446
2658 7753391 2937
2659 7756328 620
2660 7756948 7702
2661 7764650 3954
2662 7768604 12567
2663 7781171 4941
2664 7786112 2540
2665 7788652 3916
2666 7792568 16220
2667 7808788 6326
2668 7815114 2637
2669 7817751 210
2670 7817961 2366
2671 7820327 3873
2672 7824200 2835
2673 7827035 13578
2674 7840613 7949
2675 7848562 1926
2676 7850488 2797
2677 7853285 1948
2678 7855233 1866
2679 7857099 3488
2680 7860587 2233
2681 7862820 3075
2682 7865895 2008
2683 7867903 1846
2684 7869749 2208
2685 7871957 2954
2686 7874911 2874
2687 7877785 1947
2688 7879732 2232
2689 7881964 2207
2690 7884171 1845
2691 7886016 2007
2692 7888023 2621
2693 7890644 3338
2694 7893982 2185
2695 7896167 1928
2696 7898095 1791
2697 7899886 2103
2698 7901989 4519
2699 7906508 3915
2700 7910423 3817
2701 7914240 3024
2702 7917264 2469
2703 7919733 2584
2704 7922317 2349
2705 7924666 2390
2706 7927056 4519
2707 7931575 225
2708 7931800 5882
2709 7937682 3915
2710 7941597 3817
2711 7945414 9865
2712 7955279 2720
2713 7957999 977
2714 7958976 4441
2715 7963417 7189
2716 7970606 210
2717 7970816 3216
2718 7974032 2689
2719 7976721 2396
2720 7979117 2615
2721 7981732 3586
2722 7985318 4371
2723 7989689 2628
2724 7992317 5009
2725 7997326 2767
2726 8000093 8245
2727 8008338 2770
2728 8011108 6305
2729 8017413 2464
2730 8019877 1237
2731 8021114 17858
2732 8038972 9891
2733 8048863 2978
2734 8051841 3261
2735 8055102 5905
2736 8061007 3500
2737 8064507 1959
2738 8066466 3097
2739 8069563 4512
2740 8074075 4393
2741 8078468 3737
2742 8082205 3009
2743 8085214 24593
2744 8109807 11350
2745 8121157 16342
2746 8137499 30745
2747 8168244 3803
2748 8172047 1959
2749 8174006 1565
2750 8175571 2564
2751 8178135 2011
2752 8180146 3756
2753 8183902 946
2754 8184848 1211
2755 8186059 1930
2756 8187989 1442
2757 8189431 3815
2758 8193246 5722
2759 8198968 2244
2760 8201212 2906
2761 8204118 1508
2762 8205626 5754
2763 8211380 2662
2764 8214042 1291
2765 8215333 1269
2766 8216602 1338
2767 8217940 7959
2768 8225899 1716
2769 8227615 2834
2770 8230449 1246
2771 8231695 1434
2772 8233129 5128
2773 8238257 3045
2774 8241302 1300
2775 8242602 2792
2776 8245394 1447
2777 8246841 933
2778 8247774 2779
2779 8250553 1498
2780 8252051 806
2781 8252857 2899
2782 8255756 1121
2783 8256877 8783
2784 8265660 2612
2785 8268272 1628
2786 8269900 2238
2787 8272138 1994
2788 8274132 6257
2789 8280389 2082
2790 8282471 1570
2791 8284041 3151
2792 8287192 4063
2793 8291255 2687
2794 8293942 2886
2795 8296828 1040
2796 8297868 1422
2797 8299290 5509
2798 8304799 1650
2799 8306449 3622
2800 8310071 2084
2801 8312155 5812
2802 8317967 6784
2803 8324751 1224
2804 8325975 1523
2805 8327498 360
2806 8327858 2202
2807 8330060 1745
2808 8331805 2949
2809 8334754 1223
2810 8335977 1963
2811 8337940 925
2812 8338865 1871
2813 8340736 2970
2814 8343706 6889
2815 8350595 2664
2816 8353259 1566
2817 8354825 1771
2818 8356596 1708
2819 8358304 963
2820 8359267 8962
2821 8368229 5613
2822 8373842 5671
2823 8379513 5488
2824 8385001 6745
2825 8391746 2076
2826 8393822 19459
2827 8413281 7683
2828 8420964 1822
2829 8422786 1240
2830 8424026 3038
2831 8427064 1860
2832 8428924 2695
2833 8431619 4177
2834 8435796 1415
2835 8437211 597
2836 8437808 6574
2837 8444382 2418
2838 8446800 1831
2839 8448631 3349
2840 8451980 1891
2841 8453871 13761
2842 8467632 544
2843 8468176 1642
2844 8469818 3033
2845 8472851 2370
2846 8475221 2834
2847 8478055 18376
2848 8496431 3345
2849 8499776 3696
2850 8503472 6362
2851 8509834 1493
2852 8511327 2690
2853 8514017 2099
2854 8516116 3114
2855 8519230 1608
2856 8520838 8520
2857 8529358 3509
2858 8532867 3396
2859 8536263 1371
2860 8537634 7921
2861 8545555 8205
2862 8553760 8642
2863 8562402 5691
2864 8568093 7424
2865 8575517 7087
2866 8582604 5496
2867 8588100 1800
2868 8589900 6429
2869 8596329 9041
2870 8605370 3869
2871 8609239 4598
2872 8613837 2732
2873 8616569 2402
2874 8618971 3866
2875 8622837 4814
2876 8627651 4267
2877 8631918 3252
2878 8635170 7057
2879 8642227 8580
2880 8650807 8493
2881 8659300 2801
2882 8662101 650
2883 8662751 4194
2884 8666945 8140
2885 8675085 8341
2886 8683426 5412
2887 8688838 2417
2888 8691255 7602
2889 8698857 6646
2890 8705503 3466
2891 8708969 2903
2892 8711872 1063
2893 8712935 3057
2894 8715992 10604
2895 8726596 7567
2896 8734163 7620
2897 8741783 1044
2898 8742827 2972
2899 8745799 1797
2900 8747596 8031
2901 8755627 6945
2902 8762572 4065
2903 8766637 1035
2904 8767672 9583
2905 8777255 9634
2906 8786889 2709
2907 8789598 3797
2908 8793395 5694
2909 8799089 14786
2910 8813875 3048
2911 8816923 4459
2912 8821382 7895
2913 8829277 6502
2914 8835779 2510
2915 8838289 3869
2916 8842158 3804
2917 8845962 1862
2918 8847824 3389
2919 8851213 5081
2920 8856294 2243
2921 8858537 1109
2922 8859646 1366
2923 8861012 3998
2924 8865010 993
2925 8866003 3489
2926 8869492 3303
2927 8872795 3678
2928 8876473 3279
2929 8879752 2467
2930 8882219 989
2931 8883208 1264
2932 8884472 8069
2933 8892541 7015
2934 8899556 4486
2935 8904042 7300
2936 8911342 998
2937 8912340 3332
2938 8915672 9073
2939 8924745 2150
2940 8926895 6298
2941 8933193 6289
2942 8939482 1145
2943 8940627 833
2944 8941460 6803
2945 8948263 3584
2946 8951847 2683
2947 8954530 1026
2948 8955556 3239
2949 8958795 3742
2950 8962537 4255
2951 8966792 3612
2952 8970404 14612
2953 8985016 3059
2954 8988075 4827
2955 8992902 4110
2956 8997012 2628
2957 8999640 2731
2958 9002371 3577
2959 9005948 3475
2960 9009423 19802
2961 9029225 4005
2962 9033230 1259
2963 9034489 4179
2964 9038668 3681
2965 9042349 5354
2966 9047703 4326
2967 9052029 3800
2968 9055829 4378
2969 9060207 3075
2970 9063282 1695
2971 9064977 4310
2972 9069287 3742
2973 9073029 3184
2974 9076213 4003
2975 9080216 4165
2976 9084381 3549
2977 9087930 3649
2978 9091579 3811
2979 9095390 4010
2980 9099400 3477
2981 9102877 4316
2982 9107193 10517
2983 9117710 3769
2984 9121479 4725
2985 9126204 3509
2986 9129713 4027
2987 9133740 4782
2988 9138522 4191
2989 9142713 3957
2990 9146670 3484
2991 9150154 2851
2992 9153005 3096
2993 9156101 3138
2994 9159239 4067
2995 9163306 3273
2996 9166579 19362
2997 9185941 4360
2998 9190301 3413
2999 9193714 1559
3000 9195273 3459
3001 9198732 3521
3002 9202253 19547
3003 9221800 4679
3004 9226479 1516
3005 9227995 3419
3006 9231414 4854
3007 9236268 4152
3008 9240420 3348
3009 9243768 1232
3010 9245000 3459
3011 9248459 5451
3012 9253910 3781
3013 9257691 5071
3014 9262762 3177
3015 9265939 3295
3016 9269234 3644
3017 9272878 3736
3018 9276614 3486
3019 9280100 2742
3020 9282842 3244
3021 9286086 3652
3022 9289738 3095
3023 9292833 3556
3024 9296389 18945
3025 9315334 4522
3026 9319856 3787
3027 9323643 3627
3028 9327270 1600
3029 9328870 4335
3030 9333205 1244
3031 9334449 938
3032 9335387 2966
3033 9338353 4077
3034 9342430 3555
3035 9345985 2854
3036 9348839 3534
3037 9352373 2618
3038 9354991 1115
3039 9356106 4228
3040 9360334 19820
3041 9380154 3833
3042 9383987 4828
3043 9388815 3335
3044 9392150 4821
3045 9396971 3321
3046 9400292 3281
3047 9403573 3653
3048 9407226 5139
3049 9412365 7832
3050 9420197 5326
3051 9425523 11015
3052 9436538 1840
3053 9438378 7275
3054 9445653 3696
3055 9449349 7934
3056 9457283 486
3057 9457769 5221
3058 9462990 2502
3059 9465492 3089
3060 9468581 3887
3061 9472468 757
3062 9473225 879
3063 9474104 5574
3064 9479678 1492
3065 9481170 2146
3066 9483316 2626
3067 9485942 3674
3068 9489616 3278
3069 9492894 2094
3070 9494988 4834
3071 9499822 10150
3072 9509972 595
3073 9510567 3172
3074 9513739 3461
3075 9517200 5322
3076 9522522 3771
3077 9526293 6256
3078 9532549 9864
3079 9542413 2083
3080 9544496 1639
3081 9546135 3131
3082 9549266 5588
3083 9554854 3676
3084 9558530 1990
3085 9560520 4402
3086 9564922 1372
3087 9566294 9461
3088 9575755 4584
3089 9580339 2589
3090 9582928 3583
3091 9586511 1811
3092 9588322 1491
3093 9589813 1513
3094 9591326 4724
3095 9596050 2899
3096 9598949 8567
3097 9607516 7783
3098 9615299 5314
3099 9620613 3049
3100 9623662 7132
3101 9630794 1202
3102 9631996 2809
3103 9634805 2596
3104 9637401 1956
3105 9639357 2325
3106 9641682 532
3107 9642214 5889
3108 9648103 525
3109 9648628 2081
3110 9650709 6633
3111 9657342 5888
3112 9663230 2526
3113 9665756 3080
3114 9668836 8947
3115 9677783 3622
3116 9681405 3899
3117 9685304 3046
3118 9688350 8962
3119 9697312 4046
3120 9701358 3399
3121 9704757 3644
3122 9708401 1473
3123 9709874 4488
3124 9714362 1028
3125 9715390 1782
3126 9717172 5602
3127 9722774 2101
3128 9724875 1802
3129 9726677 15860
3130 9742537 5939
3131 9748476 2260
3132 9750736 2624
3133 9753360 5409
3134 9758769 3928
3135 9762697 13777
3136 9776474 3832
3137 9780306 1855
3138 9782161 3645
3139 9785806 6600
3140 9792406 2967
3141 9795373 571
3142 9795944 4696
3143 9800640 4562
3144 9805202 2716
3145 9807918 4749
3146 9812667 2164
3147 9814831 746
3148 9815577 1485
3149 9817062 3270
3150 9820332 1209
3151 9821541 1785
3152 9823326 4562
3153 9827888 1088
3154 9828976 4229
3155 9833205 1832
3156 9835037 2154
3157 9837191 4964
3158 9842155 2638
3159 9844793 2608
3160 9847401 368
3161 9847769 1534
3162 9849303 1507
3163 9850810 2196
3164 9853006 1500
3165 9854506 1088
3166 9855594 2674
3167 9858268 1022
3168 9859290 336
3169 9859626 4584
3170 9864210 1291
3171 9865501 900
3172 9866401 3925
3173 9870326 1347
3174 9871673 3135
3175 9874808 2630
3176 9877438 543
3177 9877981 1296
3178 9879277 1245
3179 9880522 2505
3180 9883027 1204
3181 9884231 8156
3182 9892387 597
3183 9892984 1342
3184 9894326 7422
3185 9901748 3875
3186 9905623 3722
3187 9909345 3474
3188 9912819 7016
3189 9919835 4929
3190 9924764 1667
3191 9926431 1601
3192 9928032 2044
3193 9930076 1349
3194 9931425 513
3195 9931938 1362
3196 9933300 2304
3197 9935604 4499
3198 9940103 1545
3199 9941648 11565
3200 9953213 2060
3201 9955273 823
3202 9956096 925
3203 9957021 1066
3204 9958087 1831
3205 9959918 722
3206 9960640 11578
3207 9972218 1789
3208 9974007 2971
3209 9976978 3752
3210 9980730 956
3211 9981686 2216
3212 9983902 1235
3213 9985137 4769
3214 9989906 211
3215 9990117 7062
3216 9997179 1049
3217 9998228 1788
3218 10000016 2573
3219 10002589 1491
3220 10004080 1252
3221 10005332 6686
3222 10012018 3546
3223 10015564 1013
3224 10016577 3541
3225 10020118 1659
3226 10021777 3002
3227 10024779 1326
3228 10026105 515
3229 10026620 782
3230 10027402 4843
3231 10032245 1240
3232 10033485 6453
3233 10039938 2698
3234 10042636 450
3235 10043086 4249
3236 10047335 527
3237 10047862 1493
3238 10049355 2132
3239 10051487 2802
3240 10054289 3182
3241 10057471 1382
3242 10058853 1540
3243 10060393 1142
3244 10061535 1457
3245 10062992 2356
3246 10065348 597
3247 10065945 3762
3248 10069707 1657
3249 10071364 2707
3250 10074071 2688
3251 10076759 520
3252 10077279 4156
3253 10081435 6078
3254 10087513 1744
3255 10089257 3599
3256 10092856 2461
3257 10095317 5923
3258 10101240 5786
3259 10107026 7772
3260 10114798 4945
3261 10119743 913
3262 10120656 1279
3263 10121935 2039
3264 10123974 4071
3265 10128045 3500
3266 10131545 612
3267 10132157 4065
3268 10136222 2916
3269 10139138 2859
3270 10141997 3511
3271 10145508 5618
3272 10151126 4653
3273 10155779 5100
3274 10160879 2713
3275 10163592 9174
3276 10172766 9412
3277 10182178 5554
3278 10187732 2029
3279 10189761 7361
3280 10197122 2000
3281 10199122 3494
3282 10202616 3740
3283 10206356 2614
3284 10208970 8372
3285 10217342 1314
3286 10218656 1890
3287 10220546 3094
3288 10223640 4566
3289 10228206 2031
3290 10230237 1207
3291 10231444 1227
3292 10232671 5295
3293 10237966 2789
3294 10240755 4022
3295 10244777 1144
3296 10245921 2030
3297 10247951 2152
3298 10250103 1345
3299 10251448 2900
3300 10254348 1592
3301 10255940 7327
3302 10263267 5304
3303 10268571 745
3304 10269316 540
3305 10269856 869
3306 10270725 680
3307 10271405 541
3308 10271946 473
3309 10272419 1349
3310 10273768 3532
3311 10277300 3747
3312 10281047 520
3313 10281567 2093
3314 10283660 1346
3315 10285006 3404
3316 10288410 6258
3317 10294668 3276
3318 10297944 5332
3319 10303276 3018
3320 10306294 3819
3321 10310113 3298
3322 10313411 3047
3323 10316458 2109
3324 10318567 1943
3325 10320510 3206
3326 10323716 3785
3327 10327501 219
3328 10327720 1950
3329 10329670 2180
3330 10331850 3817
3331 10335667 3808
3332 10339475 3630
3333 10343105 11160
3334 10354265 10083
3335 10364348 2059
3336 10366407 3832
3337 10370239 3456
3338 10373695 4226
3339 10377921 1525
3340 10379446 1466
3341 10380912 2361
3342 10383273 1958
3343 10385231 3110
3344 10388341 2769
3345 10391110 1927
3346 10393037 2396
3347 10395433 8507
3348 10403940 4226
3349 10408166 3227
3350 10411393 12859
3351 10424252 4576
3352 10428828 2373
3353 10431201 2429
3354 10433630 661
3355 10434291 1378
3356 10435669 10084
3357 10445753 21763
3358 10467516 873
3359 10468389 3515
3360 10471904 3836
3361 10475740 1424
3362 10477164 1069
3363 10478233 5655
3364 10483888 1214
3365 10485102 912
3366 10486014 10822
3367 10496836 1357
3368 10498193 17727
3369 10515920 9475
3370 10525395 2845
3371 10528240 3972
3372 10532212 1357
3373 10533569 4600
3374 10538169 5957
3375 10544126 1061
3376 10545187 879
3377 10546066 2303
3378 10548369 8167
3379 10556536 3256
3380 10559792 1843
3381 10561635 531
3382 10562166 1549
3383 10563715 2277
3384 10565992 3809
3385 10569801 5935
3386 10575736 1331
3387 10577067 3169
3388 10580236 1241
3389 10581477 1315
3390 10582792 1105
3391 10583897 5537
3392 10589434 931
3393 10590365 4365
3394 10594730 344
3395 10595074 8876
3396 10603950 3591
3397 10607541 1607
3398 10609148 1339
3399 10610487 6396
3400 10616883 4073
3401 10620956 1251
3402 10622207 2944
3403 10625151 2657
3404 10627808 1780
3405 10629588 4111
3406 10633699 12817
3407 10646516 1475
3408 10647991 4030
3409 10652021 3580
3410 10655601 1365
3411 10656966 1088
3412 10658054 3959
3413 10662013 6873
3414 10668886 12939
3415 10681825 1584
3416 10683409 1518
3417 10684927 1453
3418 10686380 2431
3419 10688811 2158
3420 10690969 1747
3421 10692716 1764
3422 10694480 1155
3423 10695635 1636
3424 10697271 805
3425 10698076 7021
3426 10705097 8128
3427 10713225 1477
3428 10714702 1083
3429 10715785 4667
3430 10720452 2422
3431 10722874 1165
3432 10724039 6434
3433 10730473 1770
3434 10732243 7551
3435 10739794 2165
3436 10741959 6388
3437 10748347 3991
3438 10752338 1391
3439 10753729 8331
3440 10762060 6892
3441 10768952 9527
3442 10778479 3640
3443 10782119 2223
3444 10784342 3389
3445 10787731 4726
3446 10792457 1679
3447 10794136 793
3448 10794929 1107
3449 10796036 2950
3450 10798986 4422
3451 10803408 9690
3452 10813098 2202
3453 10815300 3177
3454 10818477 2112
3455 10820589 2293
3456 10822882 27054
3457 10849936 1906
3458 10851842 1786
3459 10853628 5386
3460 10859014 5476
3461 10864490 2513
3462 10867003 3424
3463 10870427 4788
3464 10875215 3739
3465 10878954 3392
3466 10882346 15500
3467 10897846 4156
3468 10902002 3609
3469 10905611 10169
3470 10915780 1694
3471 10917474 1515
3472 10918989 5880
3473 10924869 10972
3474 10935841 5266
3475 10941107 3868
3476 10944975 2211
3477 10947186 1322
3478 10948508 680
3479 10949188 1546
3480 10950734 4665
3481 10955399 2751
3482 10958150 1967
3483 10960117 8807
3484 10968924 6287
3485 10975211 5207
3486 10980418 1988
3487 10982406 6490
3488 10988896 2984
3489 10991880 2954
3490 10994834 7526
3491 11002360 1712
3492 11004072 2132
3493 11006204 2607
3494 11008811 1714
3495 11010525 1616
3496 11012141 10933
3497 11023074 7630
3498 11030704 3396
3499 11034100 3053
3500 11037153 1915
3501 11039068 5590
3502 11044658 8201
3503 11052859 3223
3504 11056082 488
3505 11056570 3672
3506 11060242 5139
3507 11065381 6925
3508 11072306 937
3509 11073243 2379
3510 11075622 4384
3511 11080006 3568
3512 11083574 2921
3513 11086495 5642
3514 11092137 5104
3515 11097241 7370
3516 11104611 1140
3517 11105751 3955
3518 11109706 1363
3519 11111069 7363
3520 11118432 3309
3521 11121741 4398
3522 11126139 4892
3523 11131031 2361
3524 11133392 6095
3525 11139487 2295
3526 11141782 1724
3527 11143506 15328
3528 11158834 9313
3529 11168147 5409
3530 11173556 1387
3531 11174943 5712
3532 11180655 1409
3533 11182064 6580
3534 11188644 4649
3535 11193293 4625
3536 11197918 9784
3537 11207702 1747
3538 11209449 3493
3539 11212942 15722
3540 11228664 9613
3541 11238277 3925
3542 11242202 7912
3543 11250114 13795
3544 11263909 3813
3545 11267722 14107
3546 11281829 5415
3547 11287244 478
3548 11287722 3169
3549 11290891 2117
3550 11293008 10200
3551 11303208 1020
3552 11304228 1349
3553 11305577 5188
3554 11310765 2539
3555 11313304 6661
3556 11319965 7832
3557 11327797 1424
3558 11329221 1778
3559 11330999 2252
3560 11333251 3420
3561 11336671 1964
3562 11338635 2108
3563 11340743 5949
3564 11346692 2082
3565 11348774 1463
3566 11350237 1113
3567 11351350 3184
3568 11354534 6321
3569 11360855 1990
3570 11362845 2398
3571 11365243 2615
3572 11367858 2619
3573 11370477 3609
3574 11374086 1419
3575 11375505 8502
3576 11384007 3916
3577 11387923 1486
3578 11389409 10452
3579 11399861 4106
3580 11403967 7209
3581 11411176 10042
3582 11421218 3366
3583 11424584 6502
3584 11431086 4379
3585 11435465 4668
3586 11440133 3000
3587 11443133 1327
3588 11444460 3080
3589 11447540 1963
3590 11449503 1676
3591 11451179 1722
3592 11452901 3360
3593 11456261 2071
3594 11458332 2136
3595 11460468 990
3596 11461458 1900
3597 11463358 3964
3598 11467322 2205
3599 11469527 5405
3600 11474932 1751
3601 11476683 1903
3602 11478586 2551
3603 11481137 2201
3604 11483338 2386
3605 11485724 2193
3606 11487917 1800
3607 11489717 2390
3608 11492107 5919
3609 11498026 4961
3610 11502987 1635
3611 11504622 13682
3612 11518304 5379
3613 11523683 983
3614 11524666 14512
3615 11539178 1861
3616 11541039 1612
3617 11542651 1102
3618 11543753 1524
3619 11545277 1771
3620 11547048 6085
3621 11553133 2995
3622 11556128 3085
3623 11559213 2393
3624 11561606 1961
3625 11563567 2857
3626 11566424 5410
3627 11571834 15399
3628 11587233 7246
3629 11594479 3362
3630 11597841 3241
3631 11601082 2547
3632 11603629 2967
3633 11606596 1349
3634 11607945 2304
3635 11610249 5174
3636 11615423 1618
3637 11617041 1303
3638 11618344 1711
3639 11620055 1997
3640 11622052 2071
3641 11624123 2610
3642 11626733 2035
3643 11628768 1502
3644 11630270 1390
3645 11631660 1295
3646 11632955 2497
3647 11635452 5322
3648 11640774 1316
3649 11642090 14608
3650 11656698 1108
3651 11657806 1329
3652 11659135 5247
3653 11664382 2514
3654 11666896 3101
3655 11669997 6886
3656 11676883 6218
3657 11683101 9216
3658 11692317 11709
3659 11704026 2085
3660 11706111 6514
3661 11712625 5829
3662 11718454 10042
3663 11728496 7720
3664 11736216 5990
3665 11742206 1235
3666 11743441 4947
3667 11748388 9994
3668 11758382 5516
3669 11763898 3049
3670 11766947 2002
3671 11768949 1966
3672 11770915 2329
3673 11773244 1832
3674 11775076 1426
3675 11776502 1506
3676 11778008 1571
3677 11779579 1645
3678 11781224 3467
3679 11784691 2557
3680 11787248 15285
3681 11802533 3313
3682 11805846 7980
3683 11813826 3686
3684 11817512 3436
3685 11820948 6162
3686 11827110 2562
3687 11829672 3696
3688 11833368 2767
3689 11836135 9373
3690 11845508 1390
3691 11846898 1938
3692 11848836 4983
3693 11853819 1408
3694 11855227 1704
3695 11856931 1842
3696 11858773 2882
3697 11861655 8175
3698 11869830 7526
3699 11877356 3497
3700 11880853 9757
3701 11890610 1651
3702 11892261 958
3703 11893219 1661
3704 11894880 4139
3705 11899019 3768
3706 11902787 1031
3707 11903818 15099
3708 11918917 4139
3709 11923056 6516
3710 11929572 3493
3711 11933065 3504
3712 11936569 1222
3713 11937791 4799
3714 11942590 768
3715 11943358 505
3716 11943863 7797
3717 11951660 2865
3718 11954525 3635
3719 11958160 2741
3720 11960901 1219
3721 11962120 999
3722 11963119 2151
3723 11965270 11869
3724 11977139 5363
3725 11982502 5906
3726 11988408 1772
3727 11990180 1056
3728 11991236 22677
3729 12013913 1513
3730 12015426 6627
3731 12022053 6420
3732 12028473 9584
3733 12038057 1636
3734 12039693 3782
3735 12043475 2106
3736 12045581 767
3737 12046348 3235
3738 12049583 772
3739 12050355 6222
3740 12056577 6364
3741 12062941 5742
3742 12068683 10753
3743 12079436 3798
3744 12083234 1589
3745 12084823 2154
3746 12086977 9589
3747 12096566 4317
3748 12100883 6390
3749 12107273 3053
3750 12110326 6103
3751 12116429 6084
3752 12122513 1698
3753 12124211 6477
3754 12130688 3280
3755 12133968 6715
3756 12140683 9039
3757 12149722 1430
3758 12151152 2915
3759 12154067 1780
3760 12155847 3356
3761 12159203 6022
3762 12165225 6802
3763 12172027 6308
3764 12178335 6430
3765 12184765 9705
3766 12194470 9746
3767 12204216 1186
3768 12205402 719
3769 12206121 1152
3770 12207273 3802
3771 12211075 674
3772 12211749 5532
3773 12217281 1397
3774 12218678 2786
3775 12221464 2323
3776 12223787 5533
3777 12229320 12223
3778 12241543 2602
3779 12244145 26091
3780 12270236 3716
3781 12273952 4041
3782 12277993 12436
3783 12290429 4407
3784 12294836 3897
3785 12298733 14657
3786 12313390 12279
3787 12325669 3681
3788 12329350 1642
3789 12330992 9108
3790 12340100 1809
3791 12341909 718
3792 12342627 3237
3793 12345864 2862
3794 12348726 5825
3795 12354551 9624
3796 12364175 4049
3797 12368224 1140
3798 12369364 1791
3799 12371155 5506
3800 12376661 4603
3801 12381264 4549
3802 12385813 4400
3803 12390213 1864
3804 12392077 4376
3805 12396453 3681
3806 12400134 6170
3807 12406304 4197
3808 12410501 1111
3809 12411612 740
3810 12412352 8850
3811 12421202 3960
3812 12425162 7013
3813 12432175 1518
3814 12433693 2484
3815 12436177 1093
3816 12437270 1031
3817 12438301 1022
3818 12439323 5333
3819 12444656 10880
3820 12455536 753
3821 12456289 672
3822 12456961 4024
3823 12460985 10096
3824 12471081 1315
3825 12472396 3116
3826 12475512 858
3827 12476370 689
3828 12477059 633
3829 12477692 994
3830 12478686 732
3831 12479418 1759
3832 12481177 12305
3833 12493482 4333
3834 12497815 11198
3835 12509013 3617
3836 12512630 1517
3837 12514147 220
3838 12514367 2714
3839 12517081 947
3840 12518028 1124
3841 12519152 15577
3842 12534729 6432
3843 12541161 13963
3844 12555124 736
3845 12555860 2769
3846 12558629 2051
3847 12560680 2608
3848 12563288 2784
3849 12566072 1777
3850 12567849 20063
3851 12587912 9038
3852 12596950 3571
3853 12600521 3553
3854 12604074 3394
3855 12607468 2102
3856 12609570 3248
3857 12612818 429
3858 12613247 2546
3859 12615793 2908
3860 12618701 13929
3861 12632630 1806
3862 12634436 4107
3863 12638543 2759
3864 12641302 2855
3865 12644157 928
3866 12645085 687
3867 12645772 20149
3868 12665921 3845
3869 12669766 229
3870 12669995 28635
3871 12698630 4092
3872 12702722 7400
3873 12710122 9330
3874 12719452 30311
3875 12749763 19682
3876 12769445 949
3877 12770394 615
3878 12771009 2323
3879 12773332 1613
3880 12774945 4964
3881 12779909 3314
3882 12783223 4047
3883 12787270 2499
3884 12789769 4590
3885 12794359 1143
3886 12795502 2002
3887 12797504 555
3888 12798059 420
3889 12798479 9918
3890 12808397 2299
3891 12810696 852
3892 12811548 30451
3893 12841999 3541
3894 12845540 930
3895 12846470 2478
3896 12848948 3122
3897 12852070 223
3898 12852293 7213
3899 12859506 19030
3900 12878536 5701
3901 12884237 1301
3902 12885538 2178
3903 12887716 2346
3904 12890062 2607
3905 12892669 2549
3906 12895218 1243
3907 12896461 8998
3908 12905459 3525
3909 12908984 2144
3910 12911128 2251
3911 12913379 22094
3912 12935473 851
3913 12936324 394
3914 12936718 1150
3915 12937868 3737
3916 12941605 1022
3917 12942627 3537
3918 12946164 3249
3919 12949413 1576
3920 12950989 1345
3921 12952334 2015
3922 12954349 2050
3923 12956399 1282
3924 12957681 1312
3925 12958993 3894
3926 12962887 551
3927 12963438 6469
3928 12969907 2452
3929 12972359 3550
3930 12975909 819
3931 12976728 1270
3932 12977998 2416
3933 12980414 688
3934 12981102 787
3935 12981889 5016
3936 12986905 4329
3937 12991234 5473
3938 12996707 3029
3939 12999736 2761
3940 13002497 3754
3941 13006251 2136
3942 13008387 4020
3943 13012407 13151
3944 13025558 2527
3945 13028085 1931
3946 13030016 3635
3947 13033651 3878
3948 13037529 3888
3949 13041417 1909
3950 13043326 5451
3951 13048777 6889
3952 13055666 2521
3953 13058187 4595
3954 13062782 6989
3955 13069771 1516
3956 13071287 2497
3957 13073784 2686
3958 13076470 827
3959 13077297 5374
3960 13082671 282
3961 13082953 851
3962 13083804 3590
3963 13087394 5939
3964 13093333 1251
3965 13094584 1398
3966 13095982 3700
3967 13099682 4596
3968 13104278 2400
3969 13106678 2216
3970 13108894 3790
3971 13112684 4074
3972 13116758 942
3973 13117700 2951
3974 13120651 1153
3975 13121804 1797
3976 13123601 2016
3977 13125617 3140
3978 13128757 7157
3979 13135914 8626
3980 13144540 3980
3981 13148520 4011
3982 13152531 4641
3983 13157172 3917
3984 13161089 4644
3985 13165733 1171
3986 13166904 4230
3987 13171134 2722
3988 13173856 1730
3989 13175586 1092
3990 13176678 4054
3991 13180732 3890
3992 13184622 2904
3993 13187526 1304
3994 13188830 3180
3995 13192010 7705
3996 13199715 19088
3997 13218803 2211
3998 13221014 3799
3999 13224813 1661
4000 13226474 4267
4001 13230741 5135
4002 13235876 8868
4003 13244744 3158
4004 13247902 13391
4005 13261293 3759
4006 13265052 199
4007 13265251 6389
4008 13271640 8725
4009 13280365 5782
4010 13286147 2181
4011 13288328 4989
4012 13293317 1228
4013 13294545 3878
4014 13298423 6379
4015 13304802 1679
4016 13306481 3454
4017 13309935 2820
4018 13312755 6307
4019 13319062 5410
4020 13324472 1821
4021 13326293 6769
4022 13333062 3688
4023 13336750 10449
4024 13347199 6995
4025 13354194 4577
4026 13358771 3539
4027 13362310 6467
4028 13368777 9653
4029 13378430 1607
4030 13380037 2792
4031 13382829 2415
4032 13385244 4574
4033 13389818 8728
4034 13398546 1600
4035 13400146 4830
4036 13404976 3766
4037 13408742 2328
4038 13411070 1953
4039 13413023 2423
4040 13415446 3350
4041 13418796 2376
4042 13421172 2431
4043 13423603 20285
4044 13443888 8416
4045 13452304 4389
4046 13456693 4493
4047 13461186 4162
4048 13465348 1552
4049 13466900 4504
4050 13471404 1382
4051 13472786 1200
4052 13473986 1498
4053 13475484 7446
4054 13482930 2198
4055 13485128 18045
4056 13503173 8898
4057 13512071 5695
4058 13517766 4043
4059 13521809 3580
4060 13525389 2072
4061 13527461 16392
4062 13543853 4479
4063 13548332 1172
4064 13549504 1946
4065 13551450 1372
4066 13552822 8195
4067 13561017 5191
4068 13566208 6863
4069 13573071 1948
4070 13575019 8224
4071 13583243 7581
4072 13590824 8525
4073 13599349 4997
4074 13604346 6764
4075 13611110 15111
4076 13626221 7561
4077 13633782 5101
4078 13638883 1389
4079 13640272 1590
4080 13641862 2172
4081 13644034 1366
4082 13645400 731
4083 13646131 6391
4084 13652522 2152
4085 13654674 8317
4086 13662991 4243
4087 13667234 1896
4088 13669130 5257
4089 13674387 5489
4090 13679876 9136
4091 13689012 4712
4092 13693724 9545
4093 13703269 3792
4094 13707061 1093
4095 13708154 1445
4096 13709599 1378
4097 13710977 9099
4098 13720076 316
4099 13720392 1748
4100 13722140 682
4101 13722822 1475
4102 13724297 12573
4103 13736870 8053
4104 13744923 4098
4105 13749021 5020
4106 13754041 4483
4107 13758524 8960
4108 13767484 2237
4109 13769721 5384
4110 13775105 2945
4111 13778050 3130
4112 13781180 1701
4113 13782881 8111
4114 13790992 3709
4115 13794701 14191
4116 13808892 3302
4117 13812194 3896
4118 13816090 4332
4119 13820422 11612
4120 13832034 949
4121 13832983 8023
4122 13841006 6285
4123 13847291 801
4124 13848092 5701
4125 13853793 15719
4126 13869512 829
4127 13870341 6084
4128 13876425 590
4129 13877015 5280
4130 13882295 8081
4131 13890376 1347
4132 13891723 4382
4133 13896105 614
4134 13896719 8932
4135 13905651 1266
